  Name              	  Begin   End   P      Power  NoVeto  Total     Dead    %       Eff
     down12_21.04.16	  2307    2362  FULL   3120   0.023   86676.5   9726.0  0.1122  0.34915
       up14_22.04.16	  2374    2387  FULL   3110   0.022   21467.1   2269.2  0.1057  0.34915
     down14_23.04.16	  2398    2445  FULL   3110   0.023   73814.6   8144.6  0.1103  0.34915
      mid12_24.04.16	  2449    2511  FULL   3109   0.023   91741.3  10126.4  0.1104  0.34915
       up15_25.04.16	  2514    2527  SOME   2401   0.022   21705.9   2208.5  0.1017  0.34915
       up22_25.04.16	  2528    2562  FULL   3083   0.022   49545.5   5166.3  0.1043  0.34915
     down13_26.04.16	  2564    2616  FULL   3104   0.023   79664.8   8788.0  0.1103  0.34915
      mid12_27.04.16	  2619    2685  FULL   3116   0.023  101040.3  11148.0  0.1103  0.34915
       up17_28.04.16	  2687    2729  FULL   3123   0.022   61846.7   6540.3  0.1058  0.34915
     down12_29.04.16	  2733    2788  FULL   3104   0.023   81394.1   9168.7  0.1126  0.34915
      mid12_30.04.16	  2791    2833  FULL   3106   0.023   65136.7   7202.6  0.1106  0.34915
    stuck07_01.05.16	  2836    3068  FULL   3111   0.023  332854.6  36492.9  0.1096  0.34915
    stuck04_05.05.16	  3069    3302  FULL   3115   0.024  332571.2  36201.9  0.1089  0.34915
    stuck01_09.05.16	  3303    3534  FULL   3127   0.025  333549.4  35592.6  0.1067  0.34915
    stuck23_12.05.16	  3535    3762  FULL   3124   0.025  328200.9  35132.1  0.1070  0.34915
    stuck14_21.05.16	  3764    3778  FULL   3127   0.025   16692.0   1764.6  0.1057  0.34915
       up00_04.06.16	  4261    4400  FULL   3116   0.048  223441.3  21953.5  0.0983  0.34551
     down15_06.06.16	  4403    4437  FULL   3122   0.049   51243.4   5305.4  0.1035  0.34551
   raised13_30.09.16	  5540    5805  FULL   3108   0.026  356751.8  44628.8  0.1251  0.34514
       up14_10.10.16	  6010    6127  FULL   3101   0.016  156447.7  19787.3  0.1265  0.34514
      mid12_12.10.16	  6138    6157  FULL   3109   0.016   18977.8   2609.5  0.1375  0.34514
      mid19_12.10.16	  6158    6258  SOME   1449   0.016  140161.6  16035.0  0.1144  0.34514
      mid11_14.10.16	  6260    6274  SOME    268   0.016   21036.9   2096.2  0.0996  0.34514
     down18_14.10.16	  6278    6465  SOME    106   0.017  235379.6  23588.0  0.1002  0.34514
       up13_17.10.16	  6470    6570  SOME     64   0.016  156381.0  14895.0  0.0952  0.34514
     down15_21.10.16	  6587    6745  SOME     45   0.016  251170.1  24671.4  0.0982  0.34514
       up17_24.10.16	  6747    6817  SOME     43   0.016   70393.5   7131.0  0.1013  0.34514
      mid21_26.10.16	  6837    6922  SOME    113   0.019  143352.4  12882.2  0.0899  0.34514
     down16_28.10.16	  6928    7036  SOME   2183   0.019  158371.8  19250.6  0.1216  0.34514
     down13_30.10.16	  7037    7095  FULL   2941   0.018   83628.0  11257.7  0.1346  0.34514
       up14_31.10.16	  7104    7363  FULL   3014   0.017  154934.2  19854.6  0.1281  0.34514
      mid13_11.11.16	  7387    7405  FULL   3104   0.017   16477.7   2274.3  0.1380  0.34514
     down19_11.11.16	  7417    7458  FULL   3107   0.017   24273.0   3424.1  0.1411  0.34514
       up15_14.11.16	  7478    7578  FULL   3120   0.017  158697.3  18480.6  0.1165  0.34514
      mid13_16.11.16	  7581    7608  FULL   3118   0.018   28779.7   3642.6  0.1266  0.34514
      mid21_16.11.16	  7609    7657  SOME   1281   0.018   70678.9   6950.3  0.0983  0.34514
      mid18_17.11.16	  7658    7715  FULL   3071   0.017   78782.8   9897.9  0.1256  0.34514
     down18_18.11.16	  7730    7913  FULL   3120   0.018  242138.3  31574.1  0.1304  0.34514
       up15_21.11.16	  7922    8041  FULL   3116   0.017  158279.6  18791.5  0.1187  0.34514
      mid14_23.11.16	  8048    8178  FULL   3106   0.018  176052.1  22750.2  0.1292  0.34514
     down18_25.11.16	  8186    8352  FULL   3111   0.018  236525.9  31447.8  0.1330  0.34514
       up14_28.11.16	  8359    8430  FULL   3118   0.017   91583.5  11153.1  0.1218  0.34781
      mid16_30.11.16	  8447    8570  FULL   3108   0.016  178591.0  23238.4  0.1301  0.34841
     down20_02.12.16	  8574    8737  FULL   3114   0.017  234289.5  31375.2  0.1339  0.34841
       up14_05.12.16	  8741    8868  FULL   3112   0.016  156285.9  18902.5  0.1209  0.34841
      mid11_07.12.16	  8873    9007  FULL   3104   0.016  190354.3  24636.5  0.1294  0.34841
       up16_12.12.16	  9012    9111  FULL   3089   0.016  148948.6  17959.4  0.1206  0.34841
      mid11_14.12.16	  9116    9244  FULL   3095   0.016  189034.1  24307.5  0.1286  0.34841
     down21_16.12.16	  9260    9469  FULL   3097   0.018  231687.2  30892.3  0.1333  0.34841
       up15_19.12.16	  9475    9563  FULL   3088   0.016  103519.2  12582.4  0.1215  0.34841
       up20_20.12.16	  9564    9599  SOME   1535   0.016   54058.5   5512.7  0.1020  0.34841
      mid13_21.12.16	  9603    9711  SOME   1598   0.016  180952.3  18902.8  0.1045  0.34841
     down17_23.12.16	  9717    9868  SOME   2247   0.017  238647.1  27819.5  0.1166  0.34841
       up13_26.12.16	  9871   10019  SOME   2449   0.017  169637.7  18993.1  0.1120  0.34841
      mid14_28.12.16	 10021   10170  SOME   2467   0.016  166664.8  19912.6  0.1195  0.34841
     down14_30.12.16	 10175   10378  SOME   1188   0.017  349741.1  35614.4  0.1018  0.34841
     down16_03.01.17	 10379   10424  FULL   3081   0.017   65165.0   8520.9  0.1308  0.34841
       up13_04.01.17	 10434   10648  FULL   3100   0.018  289313.0  34712.8  0.1200  0.34841
       up05_08.01.17	 10649   10832  FULL   3085   0.016  284308.5  33989.0  0.1195  0.34841
      mid13_11.01.17	 10835   10973  FULL   3098   0.017  186970.7  24439.1  0.1307  0.34841
     down19_13.01.17	 10979   11147  FULL   3101   0.017  235395.7  31098.3  0.1321  0.34841
       up13_16.01.17	 11150   11267  FULL   3098   0.016  167604.4  19937.8  0.1190  0.34841
      mid13_18.01.17	 11271   11401  FULL   3097   0.017  179751.0  23247.2  0.1293  0.34841
     down21_20.01.17	 11404   11563  FULL   3103   0.017  222256.7  29543.3  0.1329  0.34841
       up15_23.01.17	 11570   11694  FULL   3099   0.016  146025.1  17583.6  0.1204  0.34841
      mid13_25.01.17	 11695   11817  FULL   3108   0.016  153636.1  19934.6  0.1298  0.34841
     down14_27.01.17	 11821   12062  FULL   3104   0.017  352731.7  46101.4  0.1307  0.34841
     down17_31.01.17	 12063   12303  FULL   3110   0.017  349173.9  45983.1  0.1317  0.34841
       up17_06.02.17	 12425   12547  FULL   3119   0.017  170458.9  20225.5  0.1187  0.34841
      mid17_08.02.17	 12548   12671  FULL   3110   0.016  174791.8  22239.9  0.1272  0.34841
     down18_10.02.17	 12672   12880  FULL   3106   0.017  260366.8  34510.9  0.1325  0.34841
      mid18_14.02.17	 12938   12984  FULL   3103   0.017   67389.1   8697.0  0.1291  0.34841
       up14_16.02.17	 13050   13115  FULL   3098   0.029   86933.5  10260.2  0.1180  0.34841
     down15_17.02.17	 13117   13367  FULL   3106   0.029  258359.5  34086.6  0.1319  0.34841
       up16_20.02.17	 13368   13504  FULL   3103   0.029  168220.3  19966.7  0.1187  0.34841
      mid15_22.02.17	 13505   13664  FULL   3103   0.029  183853.9  23515.1  0.1279  0.34841
     down18_24.02.17	 13665   13852  FULL   3106   0.029  243156.1  31433.0  0.1293  0.34841
       up17_27.02.17	 13854   13901  FULL   3105   0.030   62826.1   7413.3  0.1180  0.34841
      mid11_28.02.17	 13902   14136  FULL   3112   0.028  270647.5  34469.9  0.1274  0.34841
      mid14_03.03.17	 14137   14359  FULL   3111   0.028  266658.5  34062.4  0.1277  0.34841
     down18_06.03.17	 14360   14426  FULL   3120   0.029   82533.8  10610.1  0.1286  0.34841
     down14_10.03.17	 14636   14831  FULL   3117   0.029  257398.1  32967.1  0.1281  0.34841
       up14_13.03.17	 14833   14968  FULL   3113   0.029  169670.4  19832.4  0.1169  0.34841
      mid14_15.03.17	 14972   15130  FULL   3099   0.016  186109.3  23930.1  0.1286  0.34841
     down19_17.03.17	 15132   15306  FULL   3100   0.017  227517.5  29886.3  0.1314  0.34841
       up14_20.03.17	 15307   15412  FULL   3100   0.016  164996.4  19275.6  0.1168  0.34841
      mid12_22.03.17	 15413   15436  FULL   3099   0.016   34648.0   4365.8  0.1260  0.34841
      mid14_29.03.17	 17314   17437  FULL   3098   0.017  150509.5  19223.7  0.1277  0.34841
     down16_31.03.17	 17439   17612  FULL   3102   0.017  224059.6  29020.9  0.1295  0.34841
       up15_03.04.17	 17613   17715  FULL   3106   0.016  161086.3  18640.4  0.1157  0.34841
      mid12_05.04.17	 17717   17848  FULL   3105   0.016  186381.9  23763.9  0.1275  0.34841
     down18_07.04.17	 17849   18020  FULL   3118   0.017  249068.9  32364.9  0.1299  0.34841
       up16_10.04.17	 18021   18132  FULL   3107   0.016  164593.0  19360.7  0.1176  0.34841
      mid14_12.04.17	 18133   18263  FULL   3108   0.016  178726.1  22891.2  0.1281  0.34841
     down16_14.04.17	 18264   18444  FULL   3109   0.017  247905.8  32438.2  0.1308  0.34841
       up13_17.04.17	 18445   18552  FULL   3103   0.016  165388.2  19114.7  0.1156  0.34841
      mid12_19.04.17	 18553   18611  FULL   3109   0.017   80066.6  10035.4  0.1253  0.34841
      mid11_20.04.17	 18612   18656  SOME   1589   0.017   62976.8   6405.0  0.1017  0.34841
      mid08_21.04.17	 18657   18682  FULL   3058   0.017   35893.9   4591.6  0.1279  0.34841
     down20_21.04.17	 18689   18858  FULL   3112   0.017  235080.2  30885.0  0.1314  0.34841
       up14_24.04.17	 18859   18921  FULL   3108   0.016   96540.6  11250.8  0.1165  0.34841
      mid17_26.04.17	 18922   19037  FULL   3120   0.016  162045.9  20484.5  0.1264  0.34841
     down15_28.04.17	 19041   19221  FULL   3108   0.017  257974.4  33456.8  0.1297  0.34841
       up15_01.05.17	 19222   19448  FULL   3120   0.016  336450.7  39836.5  0.1184  0.34841
     down18_05.05.17	 19460   19638  FULL   3112   0.017  251349.9  32871.5  0.1308  0.34841
       up16_08.05.17	 19639   19738  FULL   3111   0.016  155515.8  18524.7  0.1191  0.34841
      mid13_10.05.17	 19739   19856  FULL   3114   0.016  174959.0  22560.9  0.1289  0.34841
     down14_12.05.17	 19857   20041  FULL   3125   0.017  263790.2  34767.1  0.1318  0.34841
       up15_15.05.17	 20042   20151  FULL   3119   0.016  174479.0  20767.5  0.1190  0.34823
     down21_17.05.17	 20195   20231  FULL   3124   0.017   53500.4   6930.6  0.1295  0.34510
     down21_18.05.17	 20252   20474  FULL   3123   0.017  313668.6  42186.7  0.1345  0.34510
       up13_22.05.17	 20475   20606  FULL   3118   0.016  162464.3  19876.3  0.1223  0.34510
      mid11_24.05.17	 20612   20752  FULL   3121   0.016  199231.2  25943.3  0.1302  0.34510
     down19_26.05.17	 20754   20912  FULL   3122   0.017  219831.8  29729.1  0.1352  0.34510
       up16_29.05.17	 20915   21027  FULL   3112   0.016  171033.1  20909.2  0.1223  0.34510
      mid16_31.05.17	 21028   21147  FULL   3113   0.016  171825.9  22739.6  0.1323  0.34510
     down17_02.06.17	 21148   21307  FULL   3123   0.017  217425.9  29786.5  0.1370  0.34510
       up14_05.06.17	 21315   21411  FULL   3099   0.016  146975.0  18250.0  0.1242  0.34510
      mid07_07.06.17	 21412   21566  FULL   3103   0.016  217630.7  28848.5  0.1326  0.34510
       up13_13.06.17	 21616   21672  FULL   3094   0.016   87668.7  10701.2  0.1221  0.34510
      mid14_14.06.17	 21673   21793  FULL   3089   0.016  107676.9  14172.3  0.1316  0.34510
     down19_16.06.17	 21801   21959  FULL   3092   0.017  206118.2  27089.1  0.1314  0.34510
       up11_19.06.17	 21960   22078  FULL   3087   0.016  187551.5  22227.6  0.1185  0.34510
      mid17_21.06.17	 22085   22200  FULL   3086   0.016  167815.3  22096.2  0.1317  0.34510
     down16_23.06.17	 22201   22380  FULL   3099   0.017  241920.9  33088.9  0.1368  0.34510
       up12_26.06.17	 22381   22497  FULL   3093   0.016  180154.9  21976.7  0.1220  0.34510
      mid15_28.06.17	 22501   22637  FULL   3091   0.016  187457.1  24756.1  0.1321  0.34510
     down20_30.06.17	 22638   22812  FULL   3079   0.017  245165.0  32659.0  0.1332  0.34510
       up22_03.07.17	 22827   22924  FULL   3045   0.016  144195.2  17557.9  0.1218  0.34510
      mid15_05.07.17	 22925   23041  FULL   3054   0.016  169389.7  22189.2  0.1310  0.34510
     down16_07.07.17	 23042   23059  FULL   3041   0.016   23838.2   3175.2  0.1332  0.34510
     down23_07.07.17	 23060   23073  SOME   1070   0.017   21701.8   2237.0  0.1031  0.34510
     down06_08.07.17	 23074   23186  ZERO      0   0.017  152959.1  13467.0  0.0880  0.34510
       up15_10.07.17	 23188   23282  ZERO      0   0.016  169290.3  14225.2  0.0840  0.34510
      mid14_12.07.17	 23283   23381  ZERO      0   0.016  176494.3  15183.5  0.0860  0.34510
     down15_14.07.17	 23382   23523  ZERO      0   0.016  248534.1  22238.0  0.0895  0.34510
       up14_17.07.17	 23525   23624  ZERO      0   0.016  178296.2  15240.8  0.0855  0.34510
      mid16_19.07.17	 23625   23724  ZERO      0   0.016  178295.7  15612.4  0.0876  0.34510
     down18_21.07.17	 23725   23862  ZERO      0   0.017  244578.2  22068.4  0.0902  0.34510
       up14_24.07.17	 23863   23957  ZERO      0   0.016  169290.7  14531.0  0.0858  0.34510
      mid13_26.07.17	 23958   24060  ZERO      0   0.016  183262.8  15949.9  0.0870  0.34510
     down17_28.07.17	 24061   24203  ZERO      0   0.016  250570.9  22134.3  0.0883  0.34510
      mid17_02.08.17	 24215   24343  ZERO      0   0.016  177272.2  15401.6  0.0869  0.34510
     down21_04.08.17	 24348   24481  ZERO      0   0.017  238387.2  21084.6  0.0884  0.34510
       up15_07.08.17	 24482   24575  ZERO      0   0.016  167490.3  14143.9  0.0844  0.34510
      mid14_09.08.17	 24576   24670  ZERO      0   0.016  168359.7  14526.4  0.0863  0.34510
     down17_11.08.17	 24672   24705  ZERO      0   0.017   58972.2   5225.2  0.0886  0.34510
     down17_18.08.17	 24731   24775  SOME   1308   0.017   75704.0   7831.7  0.1035  0.34510
     down15_19.08.17	 24776   24892  FULL   3085   0.017  178403.9  22483.6  0.1260  0.34510
       up17_21.08.17	 24893   24908  FULL   3087   0.016   23531.7   2694.0  0.1145  0.34510
       up00_22.08.17	 24909   24980  SOME    145   0.016  127784.1  10791.2  0.0844  0.34510
      mid16_23.08.17	 24985   25100  SOME     66   0.016  174051.0  15122.9  0.0869  0.34510
     down17_25.08.17	 25101   25211  SOME    390   0.017  194528.7  17627.9  0.0906  0.34510
     down23_27.08.17	 25212   25251  FULL   3048   0.017   58985.8   7366.9  0.1249  0.34510
       up16_28.08.17	 25252   25356  FULL   3060   0.016  169627.8  19181.9  0.1131  0.34510
      mid16_30.08.17	 25357   25474  FULL   3061   0.016  178583.7  21958.2  0.1230  0.34510
     down18_01.09.17	 25475   25659  FULL   3072   0.017  271520.1  34631.0  0.1275  0.34510
       up22_04.09.17	 25660   25761  FULL   3085   0.016  160532.3  18589.1  0.1158  0.34510
      mid19_06.09.17	 25762   25876  FULL   3077   0.016  172067.6  21388.0  0.1243  0.34510
     down20_08.09.17	 25881   25939  FULL   3091   0.017   84086.4  10883.3  0.1294  0.34510
     down20_09.09.17	 25940   25987  SOME    842   0.017   79300.3   7929.1  0.1000  0.34510
     down18_10.09.17	 25988   26154  FULL   3081   0.017  248911.9  31145.8  0.1251  0.34510
       up17_13.09.17	 26157   26264  FULL   3074   0.016  172511.5  19587.3  0.1135  0.34510
     down17_15.09.17	 26265   26436  FULL   3077   0.017  249085.4  31225.9  0.1254  0.34510
       up15_18.09.17	 26437   26551  FULL   3069   0.016  170348.1  19364.9  0.1137  0.34510
      mid14_20.09.17	 26552   26676  FULL   3073   0.016  180507.3  22355.6  0.1238  0.34510
     down17_22.09.17	 26678   26852  FULL   3080   0.017  250764.3  31621.3  0.1261  0.34510
       up16_25.09.17	 26853   26958  FULL   3083   0.016  172208.1  19425.9  0.1128  0.34510
      mid16_27.09.17	 26959   27061  FULL   3088   0.016  156298.4  19214.2  0.1229  0.34510
     down12_29.09.17	 27062   27244  FULL   3097   0.017  264216.9  33949.4  0.1285  0.34510
       up14_02.10.17	 27246   27349  FULL   3098   0.016  166880.7  19132.9  0.1147  0.34510
      mid14_04.10.17	 27350   27469  FULL   3102   0.016  180126.3  22572.6  0.1253  0.34510
     down16_06.10.17	 27470   27606  FULL   3102   0.017  201269.7  25546.6  0.1269  0.34510
     down00_09.10.17	 27607   27641  SOME   2736   0.017   52439.5   6348.1  0.1211  0.34510
       up16_09.10.17	 27644   27750  FULL   3093   0.016  170703.2  19438.2  0.1139  0.34510
      mid16_11.10.17	 27751   27860  FULL   3087   0.016  165338.0  20318.7  0.1229  0.34510
     down15_13.10.17	 27864   28036  FULL   3094   0.017  253803.3  32220.4  0.1270  0.34510
       up14_16.10.17	 28037   28145  FULL   3084   0.016  164389.8  18568.0  0.1130  0.34510
      mid13_18.10.17	 28148   28283  FULL   3078   0.016  184964.2  22555.2  0.1219  0.34510
     down17_20.10.17	 28284   28468  FULL   3082   0.017  254784.6  32341.4  0.1269  0.34510
       up16_23.10.17	 28471   28532  FULL   3080   0.016   95127.2  10888.7  0.1145  0.34510
      mid16_25.10.17	 28533   28658  FULL   3079   0.016  172356.9  21017.7  0.1219  0.34510
     down16_27.10.17	 28659   28858  FULL   3085   0.017  260040.5  33432.2  0.1286  0.34510
       up17_30.10.17	 28859   28964  FULL   3083   0.016  163380.5  18788.0  0.1150  0.34510
      mid16_01.11.17	 28966   29093  FULL   3085   0.016  176136.3  22015.9  0.1250  0.34510
     down18_03.11.17	 29097   29279  FULL   3080   0.017  253617.0  32155.7  0.1268  0.34510
       up17_06.11.17	 29280   29392  FULL   3076   0.016  166870.7  19084.2  0.1144  0.34510
      mid16_08.11.17	 29393   29522  FULL   3080   0.016  171170.8  21526.2  0.1258  0.34510
     down17_10.11.17	 29523   29627  FULL   3089   0.017  136655.8  17549.9  0.1284  0.34510
       up21_13.11.17	 29701   29803  FULL   3089   0.016  146201.5  17152.1  0.1173  0.34510
      mid14_15.11.17	 29804   29933  FULL   3089   0.016  180405.7  22466.4  0.1245  0.34496
     down16_17.11.17	 29934   30069  FULL   3089   0.017  200204.6  25967.2  0.1297  0.34260
     down00_20.11.17	 30070   30084  SOME   2767   0.017   21151.9   2674.7  0.1265  0.34260
     down07_20.11.17	 30085   30107  FULL   3073   0.017   32640.5   4237.5  0.1298  0.34260
       up20_20.11.17	 30116   30211  SOME   2508   0.016  159588.8  17409.4  0.1091  0.34260
      mid16_22.11.17	 30212   30311  SOME   2479   0.016  150404.1  17558.9  0.1167  0.34260
      mid10_24.11.17	 30312   30330  FULL   2859   0.016   25302.1   3064.5  0.1211  0.34260
     down18_24.11.17	 30331   30498  FULL   3060   0.017  254218.0  32142.7  0.1264  0.34260
       up17_27.11.17	 30499   30609  FULL   3076   0.016  173296.3  19971.9  0.1152  0.34260
      mid18_29.11.17	 30610   30723  FULL   3078   0.016  165620.7  20617.6  0.1245  0.34260
     down16_01.12.17	 30724   30895  FULL   3080   0.017  255180.9  32740.3  0.1283  0.34260
       up15_04.12.17	 30896   30998  FULL   3077   0.016  165093.7  19038.8  0.1153  0.34260
      mid14_06.12.17	 30999   31117  FULL   3082   0.016  178250.3  22193.8  0.1245  0.34260
     down16_08.12.17	 31118   31296  FULL   3084   0.017  264800.5  34012.0  0.1284  0.34260
       up18_11.12.17	 31297   31403  FULL   3082   0.016  158767.2  18347.2  0.1156  0.34260
      mid14_13.12.17	 31404   31513  FULL   3080   0.016  166627.6  20636.8  0.1238  0.34260
     down13_15.12.17	 31514   31697  FULL   3081   0.017  270970.5  34493.4  0.1273  0.34260
      mid16_18.12.17	 31698   31802  FULL   3079   0.016  159736.5  19813.4  0.1240  0.34260
       up14_20.12.17	 31803   31912  FULL   3057   0.016  181678.6  20763.5  0.1143  0.34260
     down17_22.12.17	 31913   32080  FULL   3080   0.017  254201.5  32561.1  0.1281  0.34260
      mid16_25.12.17	 32081   32184  FULL   3076   0.017  161203.3  20013.0  0.1241  0.34260
       up14_27.12.17	 32186   32441  FULL   3066   0.016  407212.8  46753.5  0.1148  0.34260
       up07_01.01.18	 32442   32693  FULL   3074   0.016  407688.5  46548.4  0.1142  0.34260
       up00_06.01.18	 32694   32945  FULL   3082   0.016  403482.4  46202.2  0.1145  0.34260
      mid16_10.01.18	 32946   33062  FULL   3112   0.016  177030.8  21958.2  0.1240  0.34260
     down18_12.01.18	 33064   33255  FULL   3109   0.017  247442.8  32069.2  0.1296  0.34260
       up16_15.01.18	 33256   33369  FULL   3099   0.016  160759.6  18668.8  0.1161  0.34260
      mid17_17.01.18	 33376   33483  FULL   3096   0.016  162088.3  20128.7  0.1242  0.34260
     down15_19.01.18	 33487   33665  FULL   3097   0.017  260134.2  33332.2  0.1281  0.34260
       up17_22.01.18	 33668   33766  FULL   3092   0.016  160999.3  18333.0  0.1139  0.34260
      mid20_24.01.18	 33768   33797  FULL   3092   0.016   41978.6   5215.0  0.1242  0.34260
     down19_26.01.18	 33803   33975  FULL   3092   0.018  215317.3  27308.0  0.1268  0.34260
       up16_29.01.18	 33977   34095  FULL   3088   0.017  175607.6  20294.9  0.1156  0.34260
      mid18_31.01.18	 34096   34209  FULL   3092   0.017  170384.7  21106.5  0.1239  0.34260
     down18_02.02.18	 34211   34385  FULL   3089   0.017  258695.5  33273.9  0.1286  0.34260
       up18_05.02.18	 34387   34496  FULL   3094   0.017  166335.1  19185.4  0.1153  0.34260
      mid17_07.02.18	 34497   34608  FULL   3102   0.016  170619.5  21068.6  0.1235  0.34260
     down17_09.02.18	 34609   34783  FULL   3103   0.017  257303.9  33254.3  0.1292  0.34260
       up17_12.02.18	 34785   34894  FULL   3102   0.017  137429.7  15795.7  0.1149  0.34260
      mid13_14.02.18	 34895   35011  FULL   3106   0.016  178629.3  22050.4  0.1234  0.34260
     down15_16.02.18	 35012   35204  FULL   3104   0.017  268683.7  34798.9  0.1295  0.34260
       up18_19.02.18	 35205   35308  FULL   3094   0.016  164676.5  18877.8  0.1146  0.34260
     down14_23.02.18	 35449   35643  FULL   3093   0.017  269427.2  35128.6  0.1304  0.34260
       up17_26.02.18	 35644   35755  FULL   3096   0.016  168721.2  19588.8  0.1161  0.34260
      mid16_28.02.18	 35756   35877  FULL   3095   0.016  173780.3  21857.2  0.1258  0.34260
     down17_02.03.18	 35878   36102  FULL   3089   0.017  263499.8  35385.1  0.1343  0.34260
       up19_05.03.18	 36103   36231  FULL   3087   0.016  174780.8  20055.3  0.1147  0.34260
      mid20_07.03.18	 36232   36402  FULL   3096   0.016  222131.5  28160.9  0.1268  0.34260
     down18_04.05.18	 38048   38265  FULL   3101   0.015  259719.2  39910.6  0.1537  0.34971
       up19_07.05.18	 38266   38397  FULL   3099   0.015  166929.5  23907.3  0.1432  0.34971
      mid19_09.05.18	 38399   38535  FULL   3103   0.015  167262.5  25121.3  0.1502  0.34971
     down18_11.05.18	 38536   38807  FULL   3107   0.016  329566.0  50475.5  0.1532  0.34971
       up14_15.05.18	 38808   38941  FULL   3097   0.015  173737.8  24003.3  0.1382  0.34971
      mid14_17.05.18	 38942   39067  FULL   3087   0.015  153386.3  22691.6  0.1479  0.34971
     down10_19.05.18	 39068   39253  FULL   3080   0.016  224828.5  33790.2  0.1503  0.34971
     down00_22.05.18	 39254   39272  SOME   2766   0.016   22640.0   3279.0  0.1448  0.34971
     down07_22.05.18	 39273   39299  FULL   3075   0.016   30442.8   4598.4  0.1511  0.34971
       up16_22.05.18	 39300   39434  FULL   3069   0.015  175594.3  23926.7  0.1363  0.34971
      mid17_24.05.18	 39436   39505  FULL   3082   0.015   84837.8  12536.4  0.1478  0.34971
     down17_25.05.18	 39506   39719  FULL   3111   0.016  258653.9  39029.2  0.1509  0.34971
       up18_28.05.18	 39721   39848  FULL   3111   0.015  166316.3  22793.2  0.1370  0.34971
      mid17_30.05.18	 39849   39982  FULL   3107   0.015  162852.4  24140.3  0.1482  0.34971
     down15_01.06.18	 39983   40211  FULL   3115   0.016  277195.9  41764.5  0.1507  0.34971
       up20_04.06.18	 40212   40324  FULL   3112   0.015  146047.4  20040.5  0.1372  0.34971
      mid16_06.06.18	 40326   40479  FULL   3122   0.015  185203.0  27800.5  0.1501  0.34971
     down20_08.06.18	 40480   40686  FULL   3119   0.016  250692.7  38186.5  0.1523  0.34971
       up18_11.06.18	 40687   40813  FULL   3093   0.015  165647.8  22804.8  0.1377  0.34971
      mid16_13.06.18	 40814   40959  FULL   3095   0.015  175759.9  26262.2  0.1494  0.34971
     down17_15.06.18	 40960   41127  FULL   3096   0.015  203973.4  30535.1  0.1497  0.34971
     down05_25.06.18	 41385   41405  FULL   3114   0.016   25671.6   3956.3  0.1541  0.34971
       up14_25.06.18	 41411   41556  FULL   3117   0.015  169658.9  24094.6  0.1420  0.34971
      mid17_27.06.18	 41560   41699  FULL   3112   0.015  167791.5  25839.6  0.1540  0.34971
     down18_29.06.18	 41704   42033  FULL   3069   0.016  421993.0  64333.1  0.1525  0.34971
       up16_04.07.18	 42034   42164  FULL   3096   0.015  170549.6  24522.2  0.1438  0.34971
     down16_06.07.18	 42165   42335  FULL   3066   0.016  218577.9  33007.5  0.1510  0.34971
     down05_09.07.18	 42336   42505  FULL   3115   0.015  215962.7  32678.1  0.1513  0.34971
       up18_11.07.18	 42506   42636  FULL   3123   0.015  171385.8  24667.6  0.1439  0.34971
     down17_13.07.18	 42637   42833  FULL   3123   0.016  247253.2  37488.7  0.1516  0.34971
       up15_16.07.18	 42835   42963  FULL   3118   0.015  167407.0  24023.8  0.1435  0.34971
      mid13_18.07.18	 42964   43106  FULL   3113   0.015  179248.4  26813.0  0.1496  0.34971
     down15_20.07.18	 43107   43383  FULL   3100   0.016  344725.5  51927.4  0.1506  0.34970
       up16_24.07.18	 43384   43517  FULL   3107   0.015  172907.8  24661.1  0.1426  0.34946
      mid16_26.07.18	 43518   43639  FULL   3102   0.015  151324.6  22573.3  0.1492  0.34946
     down10_28.07.18	 43640   43819  FULL   3073   0.015  225150.2  33620.1  0.1493  0.34946
     down01_31.07.18	 43820   43834  SOME   2779   0.016   17900.9   2614.5  0.1461  0.34946
     down07_31.07.18	 43835   43851  FULL   3086   0.015   19991.1   3019.1  0.1510  0.34946
       up13_31.07.18	 43853   43996  FULL   3107   0.015  184930.7  26493.3  0.1433  0.34946
      mid16_02.08.18	 43997   44126  FULL   3108   0.015  158534.5  24091.9  0.1520  0.34946
     down13_04.08.18	 44127   44277  FULL   3105   0.016  186592.0  28272.2  0.1515  0.34946
       up17_06.08.18	 44279   44408  FULL   3103   0.015  169831.9  23639.4  0.1392  0.34946
      mid17_08.08.18	 44411   44535  FULL   3115   0.015  155768.3  23221.0  0.1491  0.34946
     down12_10.08.18	 44536   44755  FULL   3117   0.015  273280.9  41230.6  0.1509  0.34946
       up17_13.08.18	 44756   44884  FULL   3118   0.015  169466.3  23519.8  0.1388  0.34946
      mid16_15.08.18	 44885   45020  FULL   3117   0.015  171344.0  25395.5  0.1482  0.34946
     down16_17.08.18	 45021   45242  FULL   3120   0.016  276811.2  41803.4  0.1510  0.34946
       up22_20.08.18	 45243   45364  FULL   3121   0.015  162074.2  22350.3  0.1379  0.34946
      mid19_22.08.18	 45365   45498  FULL   3127   0.015  170915.9  25266.6  0.1478  0.34792
       up16_28.08.18	 45700   45762  FULL   3126   0.015   86131.4  12400.5  0.1440  0.34560
      mid17_29.08.18	 45763   45829  FULL   3126   0.015   87091.1  13108.3  0.1505  0.34560
     down17_30.08.18	 45831   46108  FULL   3131   0.015  356372.1  54107.5  0.1518  0.34560
       up21_03.09.18	 46109   46228  FULL   3130   0.015  164957.4  22548.9  0.1367  0.34560
      mid19_05.09.18	 46229   46350  FULL   3134   0.015  156191.3  23186.2  0.1484  0.34560
     down15_07.09.18	 46351   46555  FULL   3118   0.015  260033.6  39186.2  0.1507  0.34560
       up16_10.09.18	 46556   46694  FULL   3123   0.015  180209.7  26021.7  0.1444  0.34560
      mid18_12.09.18	 46695   46774  FULL   3123   0.015   99020.8  15031.3  0.1518  0.34560
      mid22_13.09.18	 46775   46821  SOME   2038   0.015   63268.2   8490.1  0.1342  0.34560
     down16_14.09.18	 46822   46952  SOME   2233   0.016  172430.3  24186.8  0.1403  0.34560
     down16_16.09.18	 46953   47025  FULL   3049   0.016   88756.4  13810.0  0.1556  0.34560
       up17_17.09.18	 47026   47154  FULL   3114   0.015  169781.5  24324.0  0.1433  0.34560
      mid16_19.09.18	 47155   47212  FULL   3118   0.015   71979.7  10957.6  0.1522  0.34560
      mid13_20.09.18	 47215   47291  FULL   3125   0.015   95445.4  14619.8  0.1532  0.34560
     down16_21.09.18	 47292   47500  FULL   3124   0.016  257854.9  40170.2  0.1558  0.34430
       up17_24.09.18	 47501   47623  FULL   3099   0.015  167253.8  23129.4  0.1383  0.34222
      mid18_26.09.18	 47628   47756  FULL   3096   0.015  169350.7  25278.9  0.1493  0.34603
     down17_28.09.18	 47757   47957  FULL   3097   0.016  254015.3  38808.7  0.1528  0.34603
       up16_01.10.18	 47959   48080  FULL   3119   0.015  162442.8  22803.7  0.1404  0.34603
      mid14_03.10.18	 48081   48223  FULL   3127   0.015  181417.6  27556.4  0.1519  0.34603
     down17_05.10.18	 48224   48437  FULL   3127   0.016  262918.1  42091.2  0.1601  0.34603
       up18_08.10.18	 48438   48559  FULL   3080   0.015  162933.3  23393.7  0.1436  0.34603
      mid16_10.10.18	 48560   48699  FULL   3101   0.015  177264.7  26783.0  0.1511  0.34603
     down18_12.10.18	 48700   48898  FULL   3117   0.016  250548.8  38578.6  0.1540  0.34603
       up16_15.10.18	 48899   49016  FULL   3128   0.015  159909.3  22478.4  0.1406  0.34603
      mid12_17.10.18	 49017   49080  FULL   3135   0.015   78612.1  12382.8  0.1575  0.34603
     down11_18.10.18	 49081   49387  FULL   3127   0.016  372521.2  60565.2  0.1626  0.34603
       up18_22.10.18	 49388   49516  FULL   3118   0.015  169158.5  25039.5  0.1480  0.34603
      mid18_24.10.18	 49517   49645  FULL   3113   0.015  158706.0  25354.7  0.1598  0.34603
     down14_26.10.18	 49646   49862  FULL   3125   0.016  266688.0  42991.2  0.1612  0.34548
       up16_29.10.18	 49863   49993  FULL   3115   0.015  173900.9  25598.9  0.1472  0.34544
      mid17_31.10.18	 49994   50130  FULL   3109   0.016  169639.8  27115.0  0.1598  0.34544
     down16_02.11.18	 50131   50397  FULL   3124   0.016  335518.3  53998.4  0.1609  0.34544
     down20_14.11.18	 50525   50575  FULL   3108   0.016   63079.6   9768.0  0.1549  0.34901
     down12_16.11.18	 50649   50749  FULL   3105   0.016  123984.5  19510.7  0.1574  0.34901
     down03_18.11.18	 50761   50873  FULL   3063   0.016  139018.9  21590.7  0.1553  0.34901
     down17_23.11.18	 51167   51384  FULL   3114   0.016  260729.3  40453.3  0.1552  0.34901
       up18_26.11.18	 51386   51517  FULL   3110   0.015  165497.6  24028.4  0.1452  0.34901
      mid16_28.11.18	 51518   51664  FULL   3108   0.015  176358.7  27953.5  0.1585  0.34901
     down17_30.11.18	 51665   51872  FULL   3103   0.016  256053.4  39969.7  0.1561  0.34901
       up17_03.12.18	 51873   51999  FULL   3102   0.015  162957.8  23863.7  0.1464  0.34901
     down17_07.12.18	 52148   52352  FULL   3112   0.016  255954.2  39563.5  0.1546  0.34901
       up16_10.12.18	 52353   52487  FULL   3110   0.015  175805.4  25629.3  0.1458  0.34901
      mid17_12.12.18	 52488   52605  FULL   3118   0.015  143091.8  22600.0  0.1579  0.34901
     down18_14.12.18	 52623   52829  FULL   3107   0.016  252956.2  41778.7  0.1652  0.34901
       up17_17.12.18	 52830   52952  FULL   3108   0.015  160724.9  24031.4  0.1495  0.34901
      mid14_19.12.18	 52954   53094  FULL   3110   0.015  169541.0  27250.0  0.1607  0.34901
     down14_21.12.18	 53095   53314  FULL   3111   0.016  266124.3  43408.6  0.1631  0.34901
       up16_24.12.18	 53315   53452  FULL   3113   0.015  178233.4  26493.6  0.1486  0.34901
     down18_26.12.18	 53454   53739  FULL   3119   0.016  342735.2  56122.8  0.1637  0.34901
     down17_30.12.18	 53740   54025  FULL   3124   0.016  342972.4  56230.3  0.1639  0.34901
     down16_03.01.19	 54026   54311  FULL   3099   0.016  342917.2  56234.9  0.1640  0.34901
     down16_07.01.19	 54312   54595  FULL   3078   0.016  338985.5  55612.0  0.1641  0.34901
     down14_11.01.19	 54596   54629  SOME   1716   0.016   43233.2   6183.8  0.1430  0.34901
     down03_12.01.19	 54630   54702  ZERO      0   0.016  116673.6  12161.9  0.1042  0.34901
     down03_15.01.19	 54782   54893  ZERO      0   0.016  183262.1  19041.7  0.1039  0.34901
       up16_21.01.19	 55105   55199  ZERO      0   0.015  159184.4  15728.5  0.0988  0.34901
       up07_29.01.19	 55274   55433  ZERO      0   0.015  278605.3  27822.0  0.0999  0.34901
       up13_01.02.19	 55434   55595  ZERO      0   0.015  274141.6  27424.5  0.1000  0.34901
      mid18_04.02.19	 55599   55756  ZERO      0   0.015  277251.1  26960.6  0.0972  0.34901
      mid23_07.02.19	 55757   55914  ZERO      0   0.015  274745.5  26746.3  0.0973  0.34901
     down07_12.02.19	 55970   56043  ZERO      0   0.016  126115.7  12859.2  0.1020  0.34901
       up18_13.02.19	 56045   56138  ZERO      0   0.015  165033.5  15954.1  0.0967  0.34901
      mid17_15.02.19	 56139   56278  ZERO      0   0.016  244624.5  23675.1  0.0968  0.34901
       up14_18.02.19	 56280   56290  ZERO      1   0.015   17743.5   1681.8  0.0948  0.34901
       up20_18.02.19	 56291   56380  SOME    244   0.015  154002.2  15133.6  0.0983  0.34901
      mid15_20.02.19	 56381   56482  SOME    573   0.015  169060.5  17343.9  0.1026  0.34901
     down15_22.02.19	 56483   56624  SOME   1709   0.016  211204.7  25902.3  0.1226  0.34901
     down03_25.02.19	 56627   56665  FULL   3019   0.016   50030.3   7309.7  0.1461  0.34901
       up17_25.02.19	 56666   56777  FULL   3106   0.015  152601.4  21029.3  0.1378  0.34901
      mid12_27.02.19	 56778   56906  FULL   3095   0.016  171663.0  24697.4  0.1439  0.34901
     down12_01.03.19	 56908   57123  FULL   3116   0.016  279074.6  41248.7  0.1478  0.34901
       up18_04.03.19	 57125   57246  FULL   3097   0.015  162629.9  22758.7  0.1399  0.34901
      mid16_06.03.19	 57247   57385  FULL   3107   0.016  180830.5  26792.2  0.1482  0.34901
     down18_08.03.19	 57387   57705  FULL   3087   0.016  397487.4  61086.0  0.1537  0.34901
     down09_13.03.19	 57706   58024  FULL   3083   0.016  397433.0  60927.9  0.1533  0.34901
     down23_17.03.19	 58025   58343  FULL   3089   0.016  398199.4  60989.2  0.1532  0.34901
     down14_22.03.19	 58344   58661  FULL   3101   0.016  397128.5  60980.8  0.1536  0.34901
     down04_27.03.19	 58662   58978  FULL   3101   0.016  397219.8  60881.6  0.1533  0.34901
     down19_31.03.19	 58979   59342  FULL   3107   0.016  397274.9  60655.9  0.1527  0.34885
     down05_06.04.19	 59343   59657  FULL   3114   0.016  397783.7  60741.8  0.1527  0.34747
     down20_10.04.19	 59658   59970  FULL   3114   0.016  398278.4  60464.9  0.1518  0.34747
     down10_15.04.19	 59971   60283  FULL   3116   0.016  398169.2  60389.1  0.1517  0.34747
     down01_20.04.19	 60284   60592  FULL   3112   0.016  389839.6  59316.8  0.1522  0.34747
       up15_24.04.19	 60593   60808  FULL   3119   0.016  297694.3  40084.2  0.1346  0.34747
       up03_28.04.19	 60809   61021  FULL   3121   0.016  293353.9  39595.2  0.1350  0.34747
     down13_01.05.19	 61023   61162  FULL   3111   0.017  173234.9  26731.7  0.1543  0.34747
       up12_09.05.19	 61163   61350  FULL   3095   0.016  261878.3  34520.2  0.1318  0.34747
       up13_12.05.19	 61351   61540  FULL   3110   0.016  258247.1  34117.9  0.1321  0.34747
     down11_16.05.19	 61626   61856  FULL   3113   0.016  267041.5  40477.8  0.1516  0.34921
     down15_19.05.19	 61857   62071  FULL   3106   0.016  264493.3  40091.6  0.1516  0.34921
       up17_22.05.19	 62072   62296  FULL   3105   0.015  304214.9  41405.6  0.1361  0.34683
       up06_26.05.19	 62297   62519  FULL   3109   0.015  299774.5  40677.5  0.1357  0.34662
     down18_29.05.19	 62520   62753  FULL   3111   0.016  296902.4  43703.6  0.1472  0.34662
     down04_02.06.19	 62754   62985  FULL   3108   0.016  294671.7  43442.2  0.1474  0.34662
       up15_05.06.19	 62986   63211  FULL   3110   0.015  307380.0  41610.7  0.1354  0.34662
       up04_09.06.19	 63212   63438  FULL   3106   0.015  303711.2  41062.4  0.1352  0.34662
     down17_12.06.19	 63439   63675  FULL   3110   0.016  299402.3  43923.5  0.1467  0.34662
     down04_16.06.19	 63676   63912  FULL   3113   0.016  295901.8  43918.3  0.1484  0.34662
       up15_19.06.19	 63913   64087  FULL   3114   0.015  235867.5  31874.4  0.1351  0.34662
       up08_22.06.19	 64088   64261  FULL   3117   0.015  231845.1  31213.2  0.1346  0.34662
     down18_04.07.19	 64325   64600  FULL   3108   0.016  354339.4  52794.7  0.1490  0.34578
       up15_11.07.19	 64605   64683  FULL   3108   0.016  105506.4  14373.3  0.1362  0.34578
       up15_15.07.19	 64684   64819  FULL   3106   0.016  182321.5  24647.5  0.1352  0.34578
     down18_17.07.19	 64820   64848  FULL   3111   0.016   35701.1   5227.7  0.1464  0.34578
     down04_18.07.19	 64849   64902  SOME   1017   0.016   79713.8   8954.3  0.1123  0.34578
     down03_19.07.19	 64903   65136  FULL   3100   0.016  299619.4  43722.2  0.1459  0.34578
     down14_22.07.19	 65137   65370  FULL   3112   0.016  294593.6  43282.5  0.1469  0.34578
     down15_29.07.19	 65621   65757  FULL   3119   0.016  171117.4  25178.0  0.1471  0.34578
       up15_31.07.19	 65758   66078  FULL   3116   0.016  428130.5  57672.0  0.1347  0.34578
     down19_05.08.19	 66091   66397  FULL   3124   0.016  386482.7  57201.3  0.1480  0.34578
     down06_10.08.19	 66398   66702  FULL   3121   0.016  384190.0  56742.8  0.1477  0.34578
       up17_14.08.19	 66703   66954  FULL   3119   0.016  341394.4  45614.4  0.1336  0.34578
     down16_21.08.19	 67160   67394  FULL   3124   0.016  295450.3  43299.1  0.1466  0.34578
     down02_25.08.19	 67395   67626  FULL   3120   0.016  291637.5  42866.3  0.1470  0.34578
       up12_28.08.19	 67627   67925  FULL   3115   0.015  404686.5  53919.6  0.1332  0.34578
       up05_02.09.19	 67926   68041  SOME   2061   0.016  166047.4  19947.7  0.1201  0.34578
       up03_04.09.19	 68042   68080  FULL   2988   0.015   51165.9   6733.8  0.1316  0.34578
     down18_04.09.19	 68081   68320  FULL   3114   0.016  299491.9  43734.0  0.1460  0.34578
     down05_08.09.19	 68321   68556  FULL   3117   0.016  297760.4  43464.3  0.1460  0.34578
       up16_11.09.19	 68557   68775  FULL   3115   0.015  299439.9  39591.6  0.1322  0.34578
       up04_15.09.19	 68776   68993  FULL   3119   0.016  294926.0  39073.3  0.1325  0.34578
     down16_18.09.19	 68994   69271  FULL   3109   0.016  338941.7  50044.1  0.1476  0.34578
     down14_22.09.19	 69272   69540  FULL   3115   0.016  334696.8  49400.3  0.1476  0.34578
       up12_26.09.19	 69541   69739  FULL   3106   0.016  268151.9  36269.3  0.1353  0.34578
     down15_04.10.19	 69765   70100  FULL   3108   0.016  416038.1  62334.0  0.1498  0.34057
       up11_09.10.19	 70102   70329  FULL   3098   0.016  308434.1  41485.1  0.1345  0.34057
       up01_13.10.19	 70330   70564  FULL   3104   0.016  305562.3  40942.0  0.1340  0.34057
     down14_16.10.19	 70566   70768  FULL   3114   0.016  256241.1  37525.3  0.1464  0.34057
     down12_22.10.19	 70769   70918  FULL   3119   0.016  164620.6  24447.5  0.1485  0.34057
       up18_24.10.19	 70930   71245  FULL   3116   0.016  425408.5  57665.2  0.1356  0.34532
     down17_29.10.19	 71246   71510  FULL   3115   0.016  336393.5  49788.8  0.1480  0.34532
     down14_02.11.19	 71511   71768  FULL   3105   0.016  333371.2  48750.9  0.1462  0.34532
       up11_06.11.19	 71769   71965  FULL   3108   0.016  271941.6  36579.3  0.1345  0.34532
       up15_09.11.19	 71966   72162  FULL   3107   0.016  269612.7  36199.8  0.1343  0.34532
     down18_12.11.19	 72163   72423  FULL   3108   0.016  332171.8  49120.9  0.1479  0.34532
     down14_16.11.19	 72424   72684  FULL   3111   0.016  330005.6  49146.2  0.1489  0.34532
       up10_20.11.19	 72685   72907  FULL   3111   0.016  311713.8  41751.0  0.1339  0.34532
       up01_24.11.19	 72908   73128  FULL   3101   0.016  307546.9  41201.6  0.1340  0.34532
     down15_27.11.19	 73130   73362  FULL   3097   0.016  298231.3  43995.9  0.1475  0.34532
     down02_01.12.19	 73363   73588  FULL   3094   0.016  294513.8  42682.7  0.1449  0.34532
       up12_04.12.19	 73590   73781  FULL   3090   0.016  265942.3  35373.1  0.1330  0.34532
       up14_07.12.19	 73782   73973  FULL   3105   0.016  262334.6  35072.6  0.1337  0.34532
     down16_10.12.19	 73974   74242  FULL   3111   0.016  341277.9  50583.8  0.1482  0.34532
     down19_14.12.19	 74243   74508  FULL   3109   0.016  338560.9  50460.7  0.1490  0.34532
       up17_18.12.19	 74509   74699  FULL   3100   0.016  255984.0  35164.6  0.1374  0.34532
       up16_21.12.19	 74700   74891  FULL   3084   0.016  253273.0  34889.7  0.1378  0.34532
     down15_24.12.19	 74893   75201  FULL   3097   0.016  402292.2  58281.6  0.1449  0.34532
     down07_29.12.19	 75202   75513  FULL   3101   0.016  401542.4  59231.2  0.1475  0.34532
     down22_02.01.20	 75514   75830  FULL   3104   0.016  402757.1  60318.5  0.1498  0.34532
     down14_07.01.20	 75831   76146  FULL   3110   0.016  402151.4  60092.2  0.1494  0.34532
     down06_12.01.20	 76147   76464  FULL   3096   0.016  402333.9  60345.7  0.1500  0.34532
     down22_16.01.20	 76465   76778  FULL   3098   0.016  395517.4  59186.4  0.1496  0.34532
       up12_21.01.20	 76780   77013  FULL   3099   0.016  309342.5  41927.3  0.1355  0.34532
       up03_25.01.20	 77014   77239  FULL   3106   0.016  306444.3  41404.7  0.1351  0.34532
     down16_28.01.20	 77240   77418  FULL   3112   0.017  229941.5  33747.1  0.1468  0.34532
     down08_31.01.20	 77419   77595  FULL   3109   0.016  224987.0  33437.9  0.1486  0.34532
     down23_02.02.20	 77596   77627  SOME   2080   0.016   42946.3   5676.2  0.1322  0.34532
     down11_03.02.20	 77628   77780  FULL   3103   0.016  193530.8  28716.7  0.1484  0.34532
       up17_05.02.20	 77782   77968  FULL   3110   0.016  254480.7  34553.2  0.1358  0.34532
       up16_08.02.20	 77969   78152  FULL   3097   0.016  250604.0  33962.2  0.1355  0.34532
     down14_11.02.20	 78153   78415  FULL   3104   0.016  347343.7  49772.8  0.1433  0.34532
     down15_15.02.20	 78416   78675  FULL   3111   0.016  343147.5  49322.7  0.1437  0.34532
       up15_19.02.20	 78676   78867  FULL   3112   0.016  264229.9  35795.8  0.1355  0.34532
       up16_22.02.20	 78868   79060  FULL   3115   0.016  260936.6  35490.0  0.1360  0.34532
     down17_25.02.20	 79061   79328  FULL   3099   0.016  346949.6  50685.9  0.1461  0.34532
     down17_29.02.20	 79329   79593  FULL   3076   0.016  343434.7  50453.6  0.1469  0.34532
       up17_04.03.20	 79595   79756  FULL   3089   0.016  225087.1  30191.4  0.1341  0.34532
       up08_07.03.20	 79757   79948  FULL   3094   0.016  221945.4  29996.1  0.1352  0.34532
     down13_10.03.20	 79949   80228  FULL   3096   0.016  355102.1  53332.4  0.1502  0.34532
     down16_14.03.20	 80229   80505  FULL   3067   0.016  351750.0  52598.6  0.1495  0.34532
       up18_18.03.20	 80506   80674  FULL   3062   0.016  229270.3  31461.3  0.1372  0.34532
       up10_21.03.20	 80675   80839  FULL   3088   0.016  224688.4  30637.3  0.1364  0.34532
       up00_24.03.20	 80840   80945  SOME   2778   0.016  146523.3  19391.4  0.1323  0.34532
     down18_25.03.20	 80947   80976  SOME   2812   0.016   38635.4   5506.8  0.1425  0.34532
     down05_26.03.20	 80977   81097  FULL   3097   0.016  155710.7  23073.2  0.1482  0.34532
     down00_28.03.20	 81098   81364  SOME   2702   0.016  355553.2  50535.7  0.1421  0.34532
     down04_01.04.20	 81365   81401  FULL   3100   0.016   46362.5   6919.4  0.1492  0.34532
       up17_01.04.20	 81402   81496  FULL   3111   0.016  126262.7  17466.3  0.1383  0.34532
       up04_03.04.20	 81497   81693  SOME   2598   0.016  275841.9  35807.6  0.1298  0.34532
       up09_06.04.20	 81694   81963  FULL   2999   0.016  369380.8  49987.7  0.1353  0.34532
       up16_10.04.20	 81964   82233  FULL   3054   0.016  369743.9  50269.5  0.1360  0.34532
       up23_14.04.20	 82234   82506  FULL   3091   0.016  369466.8  50869.1  0.1377  0.34532
       up05_19.04.20	 82507   82776  FULL   3098   0.016  369024.6  50394.0  0.1366  0.34532
       up12_23.04.20	 82777   83041  FULL   2957   0.016  369870.5  49593.0  0.1341  0.34532
       up19_27.04.20	 83042   83300  FULL   2935   0.016  361465.7  48164.6  0.1332  0.34532
       up23_01.05.20	 83301   83319  SOME   2509   0.015   26229.5   3312.0  0.1263  0.34532
       up07_02.05.20	 83320   83361  FULL   2875   0.016   57855.0   7622.1  0.1317  0.34532
       up00_03.05.20	 83362   83379  SOME   2501   0.015   24773.1   3115.7  0.1258  0.34532
       up07_03.05.20	 83380   83424  FULL   3095   0.016   60434.7   8203.4  0.1357  0.34532
       up00_04.05.20	 83425   83441  SOME   2463   0.016   23047.3   2903.9  0.1260  0.34532
       up07_04.05.20	 83442   83487  FULL   3082   0.015   61084.6   8366.7  0.1370  0.34532
       up00_05.05.20	 83488   83503  SOME   2445   0.016   21482.8   2725.0  0.1268  0.34532
       up07_05.05.20	 83504   83550  FULL   3089   0.016   61999.4   8520.6  0.1374  0.34532
       up00_06.05.20	 83551   83566  SOME   2460   0.016   21263.0   2723.1  0.1281  0.34532
       up06_06.05.20	 83567   83614  FULL   3095   0.016   62836.0   8675.0  0.1381  0.34532
       up00_07.05.20	 83615   83631  SOME   2472   0.016   22560.3   2894.7  0.1283  0.34532
       up07_07.05.20	 83632   83676  FULL   3101   0.016   59852.4   8166.0  0.1364  0.34532
       up00_08.05.20	 83677   83693  SOME   2486   0.016   23128.8   2923.5  0.1264  0.34532
       up07_08.05.20	 83694   83739  FULL   3099   0.016   61876.5   8400.1  0.1358  0.34532
       up00_09.05.20	 83740   83755  SOME   2464   0.016   21726.9   2749.9  0.1266  0.34532
       up07_09.05.20	 83756   83775  FULL   3085   0.016   26155.7   3554.6  0.1359  0.34532
       up15_15.05.20	 83779   83804  FULL   3069   0.015   34886.7   4703.8  0.1348  0.34532
       up01_16.05.20	 83805   83816  SOME   2780   0.016   15767.5   2051.7  0.1301  0.34532
       up06_16.05.20	 83817   84099  FULL   3087   0.016  389237.6  52725.4  0.1355  0.34532
       up18_20.05.20	 84100   84386  FULL   3115   0.016  388524.4  53261.2  0.1371  0.34532
       up06_25.05.20	 84387   84675  FULL   3072   0.016  388269.9  53632.4  0.1381  0.34532
       up18_29.05.20	 84676   84965  FULL   3075   0.016  388655.5  53799.1  0.1384  0.34532
       up06_03.06.20	 84966   85249  FULL   3070   0.016  388956.9  52949.8  0.1361  0.34532
       up18_07.06.20	 85250   85545  FULL   3060   0.016  388355.2  53040.7  0.1366  0.34532
       up06_12.06.20	 85546   85834  FULL   3066   0.015  388744.1  52516.1  0.1351  0.34532
       up18_16.06.20	 85835   86150  FULL   3082   0.016  389140.6  53757.3  0.1381  0.34532
       up06_21.06.20	 86151   86442  FULL   3106   0.015  380291.1  52129.9  0.1371  0.34532
     down17_25.06.20	 86443   86678  FULL   3096   0.016  299803.5  44052.8  0.1469  0.34532
     down04_29.06.20	 86679   86913  FULL   3069   0.016  296584.9  43501.3  0.1467  0.34532
       up15_02.07.20	 86914   87232  FULL   3016   0.016  419898.6  56268.9  0.1340  0.34532
     down12_07.07.20	 87233   87432  FULL   2971   0.016  254614.4  36132.6  0.1419  0.34532
     down11_10.07.20	 87433   87473  SOME   1847   0.016   56910.6   6948.1  0.1221  0.34532
     down03_11.07.20	 87474   87542  ZERO      0   0.016  115767.5  10621.0  0.0917  0.34532
       up13_15.07.20	 87690   87899  ZERO      0   0.015  378204.6  32943.0  0.0871  0.34532
       up22_19.07.20	 87900   88109  ZERO      0   0.016  378017.1  32857.6  0.0869  0.34532
       up07_24.07.20	 88110   88328  ZERO      0   0.016  371048.3  33269.4  0.0897  0.34532
     down19_28.07.20	 88329   88465  ZERO      0   0.016  235909.8  22190.5  0.0941  0.34532
     down17_03.08.20	 88467   88565  ZERO      0   0.016  172648.8  16239.5  0.0941  0.34532
       up18_05.08.20	 88566   88712  ZERO      0   0.015  260317.2  23946.9  0.0920  0.34532
       up18_08.08.20	 88713   88859  ZERO      0   0.016  256623.9  23719.3  0.0924  0.34532
     down18_11.08.20	 88860   89039  ZERO      0   0.016  307302.5  29420.6  0.0957  0.34532
     down05_04.09.20	 89360   89526  FULL   3066   0.016  226961.7  32141.9  0.1416  0.34272
     down20_06.09.20	 89527   89691  FULL   3089   0.016  221850.8  31559.0  0.1423  0.34272
       up14_09.09.20	 89704   89944  FULL   3084   0.016  346762.2  44776.2  0.1291  0.34272
       up15_13.09.20	 89945   90194  FULL   3079   0.016  342328.4  44391.4  0.1297  0.34272
     down15_17.09.20	 90195   90391  FULL   3093   0.016  262597.5  37276.0  0.1420  0.34272
     down15_20.09.20	 90392   90588  FULL   3077   0.016  260832.9  37162.3  0.1425  0.34272
       up16_23.09.20	 90589   90672  FULL   3073   0.016  117369.0  15232.4  0.1298  0.34272
       up18_25.09.20	 90716   90735  FULL   3080   0.016   26274.0   3413.1  0.1299  0.34272
       up01_26.09.20	 90736   90751  SOME   2778   0.015   21319.0   2687.1  0.1260  0.34272
       up08_26.09.20	 90752   90967  FULL   3086   0.016  293414.6  38114.1  0.1299  0.34272
     down17_29.09.20	 90968   91226  FULL   3099   0.016  344275.9  48826.2  0.1418  0.34272
     down17_03.10.20	 91227   91481  FULL   3098   0.016  340307.3  48402.1  0.1422  0.34272
       up18_07.10.20	 91483   91660  FULL   3093   0.016  255485.3  32927.3  0.1289  0.34272
       up17_10.10.20	 91661   91839  FULL   3072   0.015  252506.7  32566.9  0.1290  0.34272
     down15_13.10.20	 91840   92101  FULL   3089   0.016  350217.3  48852.8  0.1395  0.34272
     down17_17.10.20	 92102   92358  FULL   3086   0.016  347609.2  48861.3  0.1406  0.34272
       up18_21.10.20	 92359   92490  FULL   3071   0.016  191308.3  24606.2  0.1286  0.34272
       up23_23.10.20	 92491   92585  SOME   1559   0.016  152347.5  16593.6  0.1089  0.34272
       up18_25.10.20	 92586   92781  FULL   3044   0.016  281556.7  36085.5  0.1282  0.34272
       up01_29.10.20	 92782   92793  SOME   2827   0.016   16065.9   2020.7  0.1258  0.34272
       up06_29.10.20	 92794   92901  FULL   3061   0.016  153401.7  19740.6  0.1287  0.34272
       up05_31.10.20	 92913   92961  FULL   3056   0.016   68856.4   8848.2  0.1285  0.34272
       up01_01.11.20	 92962   92975  SOME   2830   0.016   18989.2   2376.2  0.1251  0.34272
       up06_01.11.20	 92976   93120  FULL   3068   0.016  206612.5  26593.7  0.1287  0.34272
     down17_03.11.20	 93121   93203  FULL   3066   0.016  112035.7  15621.5  0.1394  0.34272
     down00_05.11.20	 93204   93218  SOME   2833   0.016   19697.7   2665.4  0.1353  0.34272
     down06_05.11.20	 93219   93321  FULL   3072   0.016  140318.7  19618.9  0.1398  0.34272
     down16_17.11.20	 93502   93629  FULL   3070   0.017  171984.7  24407.5  0.1419  0.34257
     down17_20.11.20	 93694   93951  FULL   3061   0.017  348230.7  49352.8  0.1417  0.34257
       up23_09.12.20	 94872   94957  FULL   3048   0.016  128712.0  16637.7  0.1293  0.34342
       up12_11.12.20	 94960   95140  ZERO      0   0.016  323385.2  28932.0  0.0895  0.34342
       up07_15.12.20	 95141   95164  SOME   1673   0.016   37065.3   4110.8  0.1109  0.34342
       up17_15.12.20	 95165   95213  FULL   3053   0.016   70010.3   9007.2  0.1287  0.34342
     down13_16.12.20	 95214   95505  FULL   3091   0.016  401411.7  56193.9  0.1400  0.34342
     down05_21.12.20	 95506   95798  FULL   3068   0.016  401727.0  56553.9  0.1408  0.34342
     down20_25.12.20	 95799   96094  FULL   3070   0.016  401889.2  57140.8  0.1422  0.34342
     down12_30.12.20	 96095   96386  FULL   3069   0.016  395154.8  56208.1  0.1422  0.34342
     down02_04.01.21	 96387   96504  SOME   2764   0.016  162575.6  22225.0  0.1367  0.34342
     down00_06.01.21	 96505   96605  FULL   3066   0.016  135753.4  19233.6  0.1417  0.34342
     down15_07.01.21	 96609   96863  FULL   3072   0.016  345617.5  49273.8  0.1426  0.34342
     down15_11.01.21	 96864   97118  FULL   3093   0.016  346473.2  49555.6  0.1430  0.34198
     down15_15.01.21	 97119   97369  FULL   3089   0.016  340716.5  48736.9  0.1430  0.33967
       up14_19.01.21	 97370   97579  FULL   3072   0.016  305217.6  39485.5  0.1294  0.33967
       up03_23.01.21	 97580   97788  FULL   3064   0.016  300747.4  38636.6  0.1285  0.33967
     down15_26.01.21	 97790   98041  FULL   3067   0.016  332605.0  46926.4  0.1411  0.33967
     down14_30.01.21	 98042   98300  FULL   3073   0.016  328845.3  46906.1  0.1426  0.33967
       up17_03.02.21	 98301   98478  FULL   3081   0.016  260371.8  33596.8  0.1290  0.33967
       up17_06.02.21	 98479   98655  FULL   3091   0.016  256925.8  32996.3  0.1284  0.33967
     down17_09.02.21	 98656   98931  FULL   3086   0.016  386482.3  52870.3  0.1368  0.33967
     down14_18.02.21	 99060   99303  FULL   3061   0.016  345650.3  48281.6  0.1397  0.33992
     down14_22.02.21	 99304   99549  FULL   3079   0.017  346330.4  48147.8  0.1390  0.33992
     down14_26.02.21	 99550   99795  FULL   3071   0.017  342318.5  47241.6  0.1380  0.33992
       up14_02.03.21	 99798  100036  FULL   3071   0.016  349388.7  44782.8  0.1282  0.33992
       up15_06.03.21	100037  100274  FULL   3084   0.016  344744.5  44172.9  0.1281  0.33992
     down16_10.03.21	100276  100487  FULL   3090   0.016  294602.7  40687.2  0.1381  0.33992
     down02_14.03.21	100488  100703  FULL   3089   0.016  289512.6  40071.5  0.1384  0.33992
       up17_17.03.21	100711  100888  FULL   3106   0.016  251934.5  32569.1  0.1293  0.33992
       up17_20.03.21	100889  101066  FULL   3080   0.016  247664.7  31844.6  0.1286  0.33992
     down17_23.03.21	101068  101324  FULL   3071   0.016  336773.0  46754.0  0.1388  0.33992
     down18_27.03.21	101325  101570  FULL   3071   0.016  334473.2  46853.3  0.1401  0.33992
       up16_31.03.21	101571  101747  FULL   3069   0.016  251304.6  32648.0  0.1299  0.33992
       up15_03.04.21	101748  101923  FULL   3078   0.016  246964.5  31949.8  0.1294  0.33992
     down13_06.04.21	101924  102173  FULL   3066   0.016  342464.4  47117.5  0.1376  0.33992
     down13_10.04.21	102174  102421  FULL   3060   0.016  338476.8  46718.5  0.1380  0.33992
       up13_14.04.21	102423  102639  FULL   3068   0.016  314527.0  40296.7  0.1281  0.33992
       up04_18.04.21	102640  102858  FULL   3073   0.016  309846.9  40115.5  0.1295  0.33992
     down19_21.04.21	102859  103072  FULL   3070   0.016  296518.2  40275.1  0.1358  0.33992
     down05_25.04.21	103073  103280  FULL   3071   0.016  292930.9  39319.5  0.1342  0.33992
       up15_28.04.21	103281  103484  FULL   3071   0.016  293509.3  37780.1  0.1287  0.33992
       up08_02.05.21	103485  103688  FULL   3073   0.016  291084.6  37658.0  0.1294  0.33992
     down17_05.05.21	103690  103875  FULL   3068   0.016  248542.5  35342.7  0.1422  0.33992
     down14_08.05.21	103876  104056  FULL   3073   0.016  245745.1  34648.4  0.1410  0.33992
       up11_11.05.21	104057  104220  FULL   3072   0.016  240920.8  30693.9  0.1274  0.33992
       up06_14.05.21	104221  104380  FULL   3089   0.016  237246.2  29866.0  0.1259  0.33992
       up00_17.05.21	104381  104396  SOME   2643   0.016   23201.8   2770.2  0.1194  0.33992
       up07_17.05.21	104397  104438  FULL   3079   0.016   61091.9   7680.4  0.1257  0.33880
       up01_18.05.21	104439  104454  SOME   2640   0.016   23065.7   2762.6  0.1198  0.33610
       up08_18.05.21	104455  104478  FULL   3076   0.016   34208.6   4293.3  0.1255  0.33610
     down17_18.05.21	104479  104560  FULL   3087   0.017  110152.9  15368.4  0.1395  0.33610
     down01_20.05.21	104561  104689  SOME    969   0.017  132542.0  13840.2  0.1044  0.33610
     down00_22.05.21	104693  104710  SOME   2616   0.017   23844.6   3172.2  0.1330  0.33610
     down07_22.05.21	104711  104758  FULL   3073   0.016   63152.2   8915.0  0.1412  0.33610
     down01_23.05.21	104759  104773  SOME   2761   0.017   19396.4   2629.0  0.1355  0.33610
     down07_23.05.21	104774  104822  FULL   3066   0.017   64606.2   9106.9  0.1410  0.33610
     down01_24.05.21	104823  104837  SOME   2752   0.017   19465.0   2630.6  0.1351  0.33610
     down07_24.05.21	104838  104995  FULL   3074   0.017  213164.2  29929.7  0.1404  0.33610
       up19_26.05.21	104997  105189  FULL   3106   0.016  278420.5  35656.3  0.1281  0.33610
       up00_30.05.21	105190  105205  SOME   2691   0.016   22387.3   2737.3  0.1223  0.33610
       up07_30.05.21	105206  105471  FULL   3109   0.016  384841.8  49198.2  0.1278  0.33610
     down18_03.06.21	105472  105608  FULL   3107   0.016  186077.6  25987.3  0.1397  0.33610
     down20_07.06.21	105665  105769  FULL   3069   0.017  147892.2  20127.9  0.1361  0.32888
       up15_09.06.21	105771  105836  FULL   3099   0.016   96606.8  12212.6  0.1264  0.32888
     down19_16.06.21	105871  106061  FULL   3091   0.017  267174.1  35335.4  0.1323  0.32888
       up18_24.06.21	106309  106436  FULL   3079   0.016  188138.1  22629.9  0.1203  0.33469
       up14_28.06.21	106437  106500  FULL   3084   0.016   90949.6  10905.5  0.1199  0.33469
     down16_29.06.21	106501  106725  FULL   3078   0.016  233007.4  31256.8  0.1341  0.33469
     down18_06.07.21	106808  106824  FULL   3080   0.017   21958.2   2965.5  0.1351  0.33419
     down01_07.07.21	106825  106837  SOME   2771   0.017   16897.8   2198.2  0.1301  0.33419
     down06_07.07.21	106838  106879  FULL   3088   0.017   54962.7   7412.2  0.1349  0.33419
     down00_08.07.21	106880  106892  SOME   2776   0.016   16911.9   2187.6  0.1294  0.33419
     down06_08.07.21	106893  107101  FULL   3089   0.016  285689.4  38163.7  0.1336  0.33419
     down13_11.07.21	107102  107311  FULL   3091   0.016  281606.3  37500.5  0.1332  0.33419
       up20_14.07.21	107312  107512  FULL   3089   0.016  292151.6  35005.5  0.1198  0.33419
       up05_18.07.21	107513  107715  FULL   3092   0.016  289126.8  34749.7  0.1202  0.33419
     down14_21.07.21	107717  107820  FULL   3104   0.016  135748.2  18068.4  0.1331  0.33419
     down12_30.07.21	108215  108428  FULL   3116   0.016  300437.3  39615.0  0.1319  0.32511
     down01_03.08.21	108429  108693  FULL   3122   0.016  296944.1  39507.9  0.1330  0.33256
     down06_07.08.21	108694  108740  SOME   2324   0.016   65929.3   8056.3  0.1222  0.33444
     down01_08.08.21	108741  108975  FULL   3109   0.016  251054.9  33306.5  0.1327  0.33444
       up20_11.08.21	108981  109062  FULL   3100   0.016  115702.2  14099.9  0.1219  0.33444
     down21_17.08.21	109076  109330  FULL   3120   0.016  339337.8  46150.8  0.1360  0.33384
     down19_21.08.21	109331  109583  FULL   3112   0.016  335076.4  45833.8  0.1368  0.33384
       up17_25.08.21	109584  109754  FULL   3121   0.015  249422.9  30541.5  0.1224  0.33384
       up14_28.08.21	109755  109923  FULL   3122   0.015  246922.3  30195.0  0.1223  0.33384
     down11_31.08.21	109924  110191  FULL   3122   0.016  358288.6  49640.9  0.1386  0.33384
     down15_04.09.21	110192  110453  FULL   3113   0.016  355626.8  49311.4  0.1387  0.33384
       up18_08.09.21	110454  110626  FULL   3109   0.016  247143.8  31184.0  0.1262  0.33384
       up15_11.09.21	110627  110801  FULL   3116   0.016  243651.6  30847.2  0.1266  0.33384
     down12_08.10.21	110848  111170  FULL   3119   0.016  386996.2  60903.0  0.1574  0.34756
     down03_13.10.21	111171  111491  FULL   3082   0.016  386864.7  60944.4  0.1575  0.34756
     down15_17.10.21	111492  111812  FULL   3078   0.016  386978.7  60665.3  0.1568  0.34756
     down02_22.10.21	111813  112133  FULL   3076   0.016  381332.3  59674.6  0.1565  0.34756
       up14_26.10.21	112135  112404  FULL   3070   0.015  343731.7  48553.6  0.1413  0.34756
       up14_30.10.21	112405  112674  FULL   3090   0.015  340836.6  48030.3  0.1409  0.34756
     down15_03.11.21	112675  112932  FULL   3103   0.016  306754.0  47469.7  0.1547  0.34756
     down04_07.11.21	112933  113189  FULL   3090   0.016  304440.5  47350.7  0.1555  0.34756
       up17_10.11.21	113190  113396  FULL   3094   0.015  260851.5  37047.1  0.1420  0.34756
       up17_13.11.21	113397  113602  FULL   3096   0.015  258852.8  36441.5  0.1408  0.34756
     down17_16.11.21	113603  113903  FULL   3106   0.016  351822.3  55333.5  0.1573  0.34756
     down19_20.11.21	113904  114195  FULL   3105   0.016  347777.8  54281.7  0.1561  0.34756
       up20_24.11.21	114196  114390  FULL   3097   0.015  248635.7  35257.2  0.1418  0.34756
       up17_27.11.21	114391  114585  FULL   3096   0.015  245858.3  34910.7  0.1420  0.34756
     down14_30.11.21	114586  114874  FULL   3101   0.016  340234.2  53639.4  0.1577  0.34756
     down13_04.12.21	114875  115156  FULL   3098   0.016  336640.5  53024.0  0.1575  0.34756
       up10_08.12.21	115157  115440  FULL   3105   0.015  267899.8  38824.8  0.1449  0.34756
       up14_12.12.21	115441  115652  FULL   3097   0.015  263611.4  38233.6  0.1450  0.34756
     down15_15.12.21	115653  115848  FULL   3101   0.016  232489.3  36798.5  0.1583  0.34756
     down08_18.12.21	115849  116042  FULL   3096   0.016  228153.5  36226.4  0.1588  0.34756
     down01_21.12.21	116048  116151  FULL   3100   0.016  121853.9  19416.2  0.1593  0.34756
       up19_22.12.21	116164  116279  FULL   3094   0.015  142629.3  21240.1  0.1489  0.34756
     down16_27.12.21	116293  116605  FULL   3093   0.016  348405.2  58131.9  0.1669  0.34756
     down17_31.12.21	116606  116921  FULL   3089   0.016  344471.6  57748.3  0.1676  0.34756
       up18_04.01.22	116922  117208  FULL   3084   0.015  342465.9  52021.0  0.1519  0.34756
       up17_08.01.22	117209  117496  FULL   3084   0.015  339270.0  51603.8  0.1521  0.34756
     down16_12.01.22	117497  117657  FULL   3067   0.016  170857.8  28545.2  0.1671  0.34756
     down16_14.01.22	117658  117692  SOME   1615   0.016   43694.4   5969.6  0.1366  0.34756
     down05_15.01.22	117693  117748  ZERO      0   0.016   83130.4   9075.9  0.1092  0.34756
       up16_20.01.22	117919  118091  ZERO      0   0.015  267730.4  29840.1  0.1115  0.34756
       up19_23.01.22	118092  118266  ZERO      0   0.015  262498.8  28648.5  0.1091  0.34756
     down15_27.01.22	118268  118551  ZERO      0   0.016  406944.4  46690.2  0.1147  0.34756
       up08_01.02.22	118552  118597  ZERO      0   0.015   56225.4   7278.2  0.1294  0.34756
       up18_03.02.22	118681  118875  ZERO      0   0.015  294267.4  33031.7  0.1123  0.34756
     down01_12.02.22	119100  119273  ZERO      0   0.016  257465.3  29584.3  0.1149  0.34756
     down01_15.02.22	119274  119368  SOME   1038   0.016  130271.9  17135.9  0.1315  0.34756
     down14_16.02.22	119369  119451  FULL   3043   0.016   94884.1  15974.7  0.1684  0.34756
       up16_17.02.22	119452  119803  FULL   3077   0.015  391311.9  59115.4  0.1511  0.34756
     down17_22.02.22	119804  120063  FULL   3096   0.016  300157.4  49931.0  0.1663  0.34756
     down05_26.02.22	120064  120315  FULL   3099   0.016  297270.9  48952.1  0.1647  0.34756
       up16_01.03.22	120316  120593  FULL   3081   0.015  351350.4  52159.2  0.1485  0.34756
       up17_05.03.22	120594  120873  FULL   3100   0.015  347995.6  51663.3  0.1485  0.34756
     down18_09.03.22	120874  121084  FULL   3103   0.016  248918.1  40632.3  0.1632  0.34756
     down15_12.03.22	121085  121292  FULL   3101   0.016  245773.7  40080.6  0.1631  0.34756
       up12_15.03.22	121293  121534  FULL   3104   0.015  308188.1  45521.5  0.1477  0.34756
       up02_19.03.22	121535  121773  FULL   3096   0.015  304554.6  44361.5  0.1457  0.34756
     down21_22.03.22	121822  121985  FULL   3093   0.016  223456.5  30509.8  0.1365  0.34756
