  Name              	  Begin   End   P      Power  NoVeto  Total     Dead    %       Eff
     down12_21.04.16	  2307    2362  FULL   3120   0.022   86676.5   9650.0  0.1113  0.31717
       up14_22.04.16	  2374    2387  FULL   3110   0.022   21467.1   2250.5  0.1048  0.31717
     down14_23.04.16	  2398    2445  FULL   3110   0.023   73814.6   8083.1  0.1095  0.31717
      mid12_24.04.16	  2449    2511  FULL   3109   0.022   91741.3  10046.1  0.1095  0.31717
       up15_25.04.16	  2514    2527  SOME   2401   0.022   21705.9   2190.5  0.1009  0.31717
       up22_25.04.16	  2528    2562  FULL   3083   0.022   49545.5   5124.2  0.1034  0.31717
     down13_26.04.16	  2564    2616  FULL   3104   0.022   79664.8   8720.9  0.1095  0.31717
      mid12_27.04.16	  2619    2685  FULL   3116   0.022  101040.3  11062.9  0.1095  0.31717
       up17_28.04.16	  2687    2729  FULL   3123   0.022   61846.7   6493.4  0.1050  0.31717
     down12_29.04.16	  2733    2788  FULL   3104   0.022   81394.1   9105.9  0.1119  0.31717
      mid12_30.04.16	  2791    2833  FULL   3106   0.023   65136.7   7153.2  0.1098  0.31717
    stuck07_01.05.16	  2836    3068  FULL   3111   0.022  332854.6  36228.4  0.1088  0.31769
    stuck04_05.05.16	  3069    3302  FULL   3115   0.023  332571.2  35928.6  0.1080  0.31764
    stuck01_09.05.16	  3303    3534  FULL   3127   0.023  333549.4  35309.8  0.1059  0.31762
    stuck23_12.05.16	  3535    3762  FULL   3124   0.023  328200.9  34845.6  0.1062  0.31765
    stuck14_21.05.16	  3764    3778  FULL   3127   0.023   16692.0   1749.3  0.1048  0.31315
       up00_04.06.16	  4261    4400  FULL   3116   0.045  223441.3  21761.1  0.0974  0.31315
     down15_06.06.16	  4403    4437  FULL   3122   0.046   51243.4   5259.7  0.1026  0.31295
   raised13_30.09.16	  5540    5805  FULL   3108   0.026  356751.8  44222.0  0.1240  0.31297
       up14_10.10.16	  6010    6127  FULL   3100   0.016  156447.7  19635.2  0.1255  0.31299
      mid12_12.10.16	  6138    6157  FULL   3107   0.016   18977.8   2588.8  0.1364  0.31299
      mid19_12.10.16	  6158    6274  SOME   1253   0.016  164324.6  18258.4  0.1111  0.31299
     down18_14.10.16	  6278    6465  SOME    105   0.017  235379.6  23271.1  0.0989  0.31299
       up13_17.10.16	  6470    6570  SOME     65   0.016  156381.0  14709.2  0.0941  0.31299
     down15_21.10.16	  6587    6745  SOME     45   0.016  251170.1  24296.9  0.0967  0.31299
       up17_24.10.16	  6747    6817  SOME     44   0.016   70393.5   6967.4  0.0990  0.31299
      mid21_26.10.16	  6837    6922  SOME    111   0.019  143352.4  12845.9  0.0896  0.31299
     down16_28.10.16	  6928    7036  SOME   2186   0.019  158371.8  19349.7  0.1222  0.31299
     down13_30.10.16	  7037    7095  FULL   2946   0.017   83628.0  11332.9  0.1355  0.31299
       up14_31.10.16	  7104    7363  FULL   3013   0.017  155431.4  19902.1  0.1280  0.31299
      mid13_11.11.16	  7387    7405  FULL   3106   0.017   16477.7   2280.7  0.1384  0.31330
     down19_11.11.16	  7417    7458  FULL   3110   0.017   24273.0   3434.7  0.1415  0.31342
       up15_14.11.16	  7478    7578  FULL   3120   0.016  158697.3  18593.5  0.1172  0.31307
      mid13_16.11.16	  7581    7608  FULL   3116   0.018   28910.5   3685.8  0.1275  0.31301
      mid21_16.11.16	  7609    7656  SOME   1250   0.017   69305.3   6810.5  0.0983  0.31299
      mid17_17.11.16	  7657    7715  FULL   3069   0.017   80137.4  10134.4  0.1265  0.31299
     down18_18.11.16	  7730    7913  FULL   3120   0.018  242138.3  31856.6  0.1316  0.31299
       up15_21.11.16	  7922    8041  FULL   3116   0.017  158279.6  18894.6  0.1194  0.31302
      mid14_23.11.16	  8048    8178  FULL   3106   0.018  176052.1  22903.8  0.1301  0.31299
     down18_25.11.16	  8186    8352  FULL   3111   0.017  236525.9  31702.5  0.1340  0.31298
       up14_28.11.16	  8359    8430  FULL   3118   0.017   91583.5  11206.1  0.1224  0.31605
      mid16_30.11.16	  8447    8570  FULL   3108   0.016  178591.0  23378.0  0.1309  0.31666
     down20_02.12.16	  8574    8737  FULL   3114   0.016  234289.5  31541.1  0.1346  0.31666
       up14_05.12.16	  8741    8868  FULL   3112   0.016  156285.9  18988.6  0.1215  0.31666
      mid11_07.12.16	  8873    9007  FULL   3104   0.016  190354.3  24789.2  0.1302  0.31666
       up16_12.12.16	  9012    9111  FULL   3089   0.016  148948.6  18064.0  0.1213  0.31666
      mid11_14.12.16	  9116    9244  FULL   3095   0.016  189034.1  24450.1  0.1293  0.31666
     down21_16.12.16	  9260    9469  FULL   3097   0.017  231687.2  31125.5  0.1343  0.31665
       up15_19.12.16	  9475    9563  FULL   3088   0.016  103519.2  12635.1  0.1221  0.31638
       up20_20.12.16	  9564    9599  SOME   1535   0.016   54058.5   5529.3  0.1023  0.31666
      mid13_21.12.16	  9603    9711  SOME   1598   0.016  180952.3  18982.9  0.1049  0.31664
     down17_23.12.16	  9717    9868  SOME   2247   0.017  238647.1  28002.4  0.1173  0.31666
       up13_26.12.16	  9871   10019  SOME   2449   0.016  170795.8  19175.3  0.1123  0.31666
      mid14_28.12.16	 10021   10170  SOME   2467   0.016  166664.8  19987.7  0.1199  0.31607
     down14_30.12.16	 10175   10378  SOME   1188   0.017  349741.1  35776.7  0.1023  0.31666
     down16_03.01.17	 10379   10424  FULL   3081   0.017   65165.0   8588.2  0.1318  0.31664
       up13_04.01.17	 10434   10648  FULL   3100   0.018  289313.0  34917.4  0.1207  0.31666
       up05_08.01.17	 10649   10832  FULL   3085   0.016  284308.5  34183.6  0.1202  0.31666
      mid13_11.01.17	 10835   10973  FULL   3098   0.016  186970.7  24582.5  0.1315  0.31666
     down19_13.01.17	 10979   11147  FULL   3101   0.017  235395.7  31323.9  0.1331  0.31661
       up13_16.01.17	 11150   11267  FULL   3098   0.016  167604.4  20026.5  0.1195  0.31665
      mid13_18.01.17	 11271   11401  FULL   3097   0.016  179751.1  23381.5  0.1301  0.31580
     down21_20.01.17	 11404   11563  FULL   3103   0.017  222256.7  29766.0  0.1339  0.31649
       up15_23.01.17	 11570   11694  FULL   3099   0.016  146025.1  17670.6  0.1210  0.31666
      mid13_25.01.17	 11695   11817  FULL   3108   0.016  153636.1  20052.1  0.1305  0.31658
     down14_27.01.17	 11821   12062  FULL   3104   0.016  354226.9  46662.9  0.1317  0.31664
     down17_31.01.17	 12063   12303  FULL   3110   0.016  349173.9  46325.2  0.1327  0.31666
       up17_06.02.17	 12425   12547  FULL   3119   0.016  170458.9  20327.5  0.1193  0.31666
      mid17_08.02.17	 12548   12671  FULL   3110   0.016  174791.8  22379.8  0.1280  0.31662
     down18_10.02.17	 12672   12880  FULL   3106   0.016  260366.8  34752.0  0.1335  0.31608
      mid18_14.02.17	 12938   12984  FULL   3103   0.016   67389.1   8753.3  0.1299  0.31666
       up14_16.02.17	 13050   13115  FULL   3098   0.022   86933.5  10306.3  0.1186  0.31666
     down15_17.02.17	 13117   13367  FULL   3106   0.022  258359.5  34291.0  0.1327  0.31664
       up16_20.02.17	 13368   13504  FULL   3103   0.023  168220.3  20046.6  0.1192  0.31655
      mid15_22.02.17	 13505   13664  FULL   3103   0.022  183853.9  23635.9  0.1286  0.31666
     down18_24.02.17	 13665   13852  FULL   3106   0.023  243156.1  31677.9  0.1303  0.31656
       up17_27.02.17	 13854   13901  FULL   3105   0.023   62826.1   7447.7  0.1185  0.31652
      mid11_28.02.17	 13902   14136  FULL   3112   0.022  270647.5  34660.6  0.1281  0.31655
      mid14_03.03.17	 14137   14359  FULL   3111   0.022  266658.5  34235.2  0.1284  0.31665
     down18_06.03.17	 14360   14426  FULL   3120   0.023   82533.8  10688.9  0.1295  0.31666
     down14_10.03.17	 14636   14831  FULL   3117   0.022  257398.1  33210.2  0.1290  0.31616
       up14_13.03.17	 14833   14968  FULL   3113   0.022  169670.4  19925.3  0.1174  0.31666
      mid14_15.03.17	 14972   15130  FULL   3099   0.016  186109.2  24041.0  0.1292  0.31666
     down19_17.03.17	 15132   15306  FULL   3100   0.017  227517.5  30080.5  0.1322  0.31666
       up14_20.03.17	 15307   15412  FULL   3100   0.016  164996.4  19372.3  0.1174  0.31656
      mid12_22.03.17	 15413   15436  FULL   3099   0.016   34648.0   4394.0  0.1268  0.31584
      mid14_29.03.17	 17314   17437  FULL   3098   0.016  150509.5  19335.3  0.1285  0.31626
     down16_31.03.17	 17439   17612  FULL   3102   0.017  224059.6  29222.5  0.1304  0.31666
       up15_03.04.17	 17613   17715  FULL   3106   0.016  161086.3  18732.9  0.1163  0.31666
      mid12_05.04.17	 17717   17848  FULL   3105   0.016  186381.9  23896.9  0.1282  0.31654
     down18_07.04.17	 17849   18020  FULL   3118   0.016  249068.9  32587.1  0.1308  0.31663
       up16_10.04.17	 18021   18132  FULL   3107   0.016  164593.0  19439.1  0.1181  0.31622
      mid14_12.04.17	 18133   18263  FULL   3108   0.016  178726.1  23004.5  0.1287  0.31522
     down16_14.04.17	 18264   18444  FULL   3109   0.017  247905.8  32642.0  0.1317  0.31633
       up13_17.04.17	 18445   18552  FULL   3103   0.016  165388.2  19203.9  0.1161  0.31647
      mid12_19.04.17	 18553   18611  FULL   3109   0.017   80066.6  10095.1  0.1261  0.31664
      mid11_20.04.17	 18612   18656  SOME   1589   0.016   62976.8   6428.1  0.1021  0.31666
      mid08_21.04.17	 18657   18682  FULL   3058   0.017   35893.9   4617.9  0.1287  0.31666
     down20_21.04.17	 18689   18858  FULL   3112   0.017  235080.2  31079.1  0.1322  0.31666
       up14_24.04.17	 18859   18921  FULL   3108   0.016   96540.6  11304.5  0.1171  0.31666
      mid17_26.04.17	 18922   19037  FULL   3120   0.016  162045.9  20603.7  0.1271  0.31665
     down15_28.04.17	 19041   19221  FULL   3108   0.016  257974.4  33702.4  0.1306  0.31664
       up15_01.05.17	 19222   19448  FULL   3120   0.016  336450.7  40006.1  0.1189  0.31652
     down18_05.05.17	 19460   19638  FULL   3112   0.016  251349.9  33129.0  0.1318  0.31657
       up16_08.05.17	 19639   19738  FULL   3111   0.016  155515.8  18621.7  0.1197  0.31666
      mid13_10.05.17	 19739   19856  FULL   3114   0.016  174959.0  22718.4  0.1298  0.31666
     down14_12.05.17	 19857   20041  FULL   3125   0.016  263790.2  35051.4  0.1329  0.31651
       up15_15.05.17	 20042   20151  FULL   3119   0.016  174479.0  20886.5  0.1197  0.31646
     down21_17.05.17	 20195   20231  FULL   3124   0.016   53500.4   6986.2  0.1306  0.31302
     down21_18.05.17	 20252   20474  FULL   3123   0.016  313668.6  42504.0  0.1355  0.31299
       up13_22.05.17	 20475   20606  FULL   3118   0.016  162464.3  19974.6  0.1229  0.31299
      mid11_24.05.17	 20612   20752  FULL   3120   0.016  197938.5  25939.7  0.1310  0.31299
     down19_26.05.17	 20754   20912  FULL   3122   0.016  219831.8  29957.4  0.1363  0.31298
       up16_29.05.17	 20915   21027  FULL   3112   0.016  171033.1  21009.0  0.1228  0.31305
      mid16_31.05.17	 21028   21147  FULL   3113   0.016  171825.9  22879.1  0.1332  0.31302
     down17_02.06.17	 21148   21307  FULL   3123   0.016  217425.9  30018.2  0.1381  0.31299
       up14_05.06.17	 21315   21411  FULL   3099   0.016  146975.0  18353.2  0.1249  0.31666
      mid07_07.06.17	 21412   21566  FULL   3103   0.016  217630.7  29048.2  0.1335  0.31666
       up13_13.06.17	 21616   21672  FULL   3094   0.016   87668.7  10757.0  0.1227  0.31299
      mid14_14.06.17	 21673   21793  FULL   3089   0.016  107676.9  14260.2  0.1324  0.31299
     down19_16.06.17	 21801   21959  FULL   3092   0.016  206118.2  27288.9  0.1324  0.31300
       up11_19.06.17	 21960   22078  FULL   3087   0.016  187551.5  22343.2  0.1191  0.31299
      mid17_21.06.17	 22085   22200  FULL   3086   0.016  167815.3  22232.2  0.1325  0.31299
     down16_23.06.17	 22201   22380  FULL   3099   0.016  241920.9  33317.8  0.1377  0.31299
       up12_26.06.17	 22381   22497  FULL   3093   0.016  180154.8  22081.2  0.1226  0.31300
      mid15_28.06.17	 22501   22637  FULL   3091   0.016  187457.1  24887.3  0.1328  0.31299
     down20_30.06.17	 22638   22812  FULL   3079   0.016  245165.0  32895.1  0.1342  0.31277
       up22_03.07.17	 22827   22924  FULL   3045   0.015  144195.2  17625.0  0.1222  0.31299
      mid15_05.07.17	 22925   23041  FULL   3054   0.016  169389.7  22306.3  0.1317  0.31297
     down16_07.07.17	 23042   23059  FULL   3041   0.016   23838.2   3194.9  0.1340  0.31305
     down23_07.07.17	 23060   23073  SOME   1070   0.016   21701.8   2243.8  0.1034  0.31260
     down06_08.07.17	 23074   23186  ZERO      0   0.016  152959.1  13496.4  0.0882  0.31290
       up15_10.07.17	 23188   23282  ZERO      0   0.016  169290.3  14246.8  0.0842  0.31299
      mid14_12.07.17	 23283   23381  ZERO      0   0.016  176494.3  15219.7  0.0862  0.31299
     down15_14.07.17	 23382   23523  ZERO      0   0.016  248534.1  22295.3  0.0897  0.31299
       up14_17.07.17	 23525   23624  ZERO      0   0.016  178296.2  15256.4  0.0856  0.31299
      mid16_19.07.17	 23625   23724  ZERO      0   0.016  178295.7  15646.8  0.0878  0.31298
     down18_21.07.17	 23725   23862  ZERO      0   0.016  244578.2  22143.5  0.0905  0.31305
       up14_24.07.17	 23863   23957  ZERO      0   0.016  169290.7  14554.6  0.0860  0.31299
      mid13_26.07.17	 23958   24060  ZERO      0   0.016  183262.8  15985.5  0.0872  0.31301
     down17_28.07.17	 24061   24203  ZERO      0   0.016  250570.9  22202.3  0.0886  0.31299
      mid17_02.08.17	 24215   24343  ZERO      0   0.016  177272.2  15409.5  0.0869  0.31299
     down21_04.08.17	 24348   24481  ZERO      0   0.016  238387.2  21136.9  0.0887  0.31299
       up15_07.08.17	 24482   24575  ZERO      0   0.016  167490.3  14144.7  0.0845  0.31301
      mid14_09.08.17	 24576   24670  ZERO      0   0.016  168359.7  14538.8  0.0864  0.31299
     down17_11.08.17	 24672   24705  ZERO      0   0.016   58972.2   5233.0  0.0887  0.31316
     down17_18.08.17	 24731   24775  SOME   1308   0.016   75704.0   7863.8  0.1039  0.31299
     down15_19.08.17	 24776   24892  FULL   3085   0.016  178403.9  22630.4  0.1268  0.31299
       up17_21.08.17	 24893   24908  FULL   3087   0.016   23531.7   2703.7  0.1149  0.31305
       up00_22.08.17	 24909   24980  SOME    145   0.016  127784.1  10802.1  0.0845  0.31305
      mid16_23.08.17	 24985   25100  SOME     66   0.016  174051.0  15136.1  0.0870  0.31303
     down17_25.08.17	 25101   25211  SOME    390   0.016  194528.7  17675.3  0.0909  0.31297
     down23_27.08.17	 25212   25251  FULL   3048   0.016   58985.8   7418.6  0.1258  0.31303
       up16_28.08.17	 25252   25356  FULL   3060   0.016  169627.8  19263.4  0.1136  0.31294
      mid16_30.08.17	 25357   25474  FULL   3061   0.016  178583.7  22078.5  0.1236  0.31288
     down18_01.09.17	 25475   25659  FULL   3072   0.016  271520.1  34843.6  0.1283  0.31293
       up22_04.09.17	 25660   25761  FULL   3085   0.016  160532.3  18647.5  0.1162  0.31276
      mid19_06.09.17	 25762   25876  FULL   3077   0.016  172067.6  21501.2  0.1250  0.31293
     down20_08.09.17	 25881   25939  FULL   3091   0.016   84086.4  10952.8  0.1303  0.31295
     down20_09.09.17	 25940   25987  SOME    842   0.016   79300.3   7954.0  0.1003  0.31246
     down18_10.09.17	 25988   26154  FULL   3081   0.016  248911.9  31339.2  0.1259  0.31271
       up17_13.09.17	 26157   26264  FULL   3074   0.016  172511.5  19655.7  0.1139  0.31299
     down17_15.09.17	 26265   26436  FULL   3077   0.016  249085.4  31408.5  0.1261  0.31261
       up15_18.09.17	 26437   26551  FULL   3069   0.016  170348.1  19414.9  0.1140  0.31294
      mid14_20.09.17	 26552   26676  FULL   3073   0.016  180507.3  22450.7  0.1244  0.31288
     down17_22.09.17	 26678   26852  FULL   3080   0.016  250764.3  31829.0  0.1269  0.31299
       up16_25.09.17	 26853   26958  FULL   3083   0.016  172208.1  19509.4  0.1133  0.31303
      mid16_27.09.17	 26959   27061  FULL   3088   0.016  156298.4  19322.0  0.1236  0.31299
     down12_29.09.17	 27062   27244  FULL   3097   0.016  265701.5  34360.7  0.1293  0.31299
       up14_02.10.17	 27246   27349  FULL   3098   0.016  167692.3  19312.7  0.1152  0.31299
      mid14_04.10.17	 27350   27469  FULL   3102   0.016  180126.3  22691.0  0.1260  0.31299
     down16_06.10.17	 27470   27606  FULL   3102   0.016  201269.7  25710.1  0.1277  0.31299
     down00_09.10.17	 27607   27641  SOME   2736   0.017   52439.5   6389.2  0.1218  0.31299
       up16_09.10.17	 27644   27750  FULL   3093   0.016  170703.2  19503.0  0.1143  0.31299
      mid16_11.10.17	 27751   27860  FULL   3087   0.016  165338.0  20418.8  0.1235  0.31299
     down15_13.10.17	 27864   28036  FULL   3094   0.016  253803.3  32434.6  0.1278  0.31299
       up14_16.10.17	 28037   28145  FULL   3084   0.016  164389.8  18645.6  0.1134  0.31287
      mid13_18.10.17	 28148   28283  FULL   3078   0.016  184964.2  22669.7  0.1226  0.31282
     down17_20.10.17	 28284   28468  FULL   3082   0.016  253458.7  32374.4  0.1277  0.31299
       up16_23.10.17	 28471   28532  FULL   3080   0.016   95127.2  10926.9  0.1149  0.31299
      mid16_25.10.17	 28533   28658  FULL   3079   0.016  172356.9  21113.1  0.1225  0.31298
     down16_27.10.17	 28659   28858  FULL   3085   0.017  260040.5  33622.2  0.1293  0.31288
       up17_30.10.17	 28859   28964  FULL   3083   0.016  163380.5  18857.8  0.1154  0.31299
      mid16_01.11.17	 28966   29093  FULL   3085   0.016  176136.3  22113.5  0.1255  0.31299
     down18_03.11.17	 29097   29279  FULL   3080   0.016  253617.0  32357.8  0.1276  0.31299
       up17_06.11.17	 29280   29392  FULL   3076   0.016  166870.7  19155.9  0.1148  0.31284
      mid16_08.11.17	 29393   29522  FULL   3080   0.016  171170.8  21572.2  0.1260  0.31291
     down17_10.11.17	 29523   29627  FULL   3089   0.016  136655.8  17641.8  0.1291  0.31299
       up21_13.11.17	 29701   29803  FULL   3089   0.016  146201.5  17193.4  0.1176  0.31299
      mid14_15.11.17	 29804   29933  FULL   3089   0.016  180405.7  22560.5  0.1251  0.31283
     down16_17.11.17	 29934   30069  FULL   3089   0.016  200204.6  26139.1  0.1306  0.31000
     down00_20.11.17	 30070   30084  SOME   2767   0.016   21151.9   2692.1  0.1273  0.31000
     down07_20.11.17	 30085   30107  FULL   3073   0.016   32640.5   4265.6  0.1307  0.31000
       up20_20.11.17	 30116   30211  SOME   2508   0.016  159588.8  17481.6  0.1095  0.31000
      mid16_22.11.17	 30212   30311  SOME   2479   0.016  150404.1  17635.2  0.1173  0.31000
      mid10_24.11.17	 30312   30330  FULL   2859   0.016   25302.1   3081.6  0.1218  0.31000
     down18_24.11.17	 30331   30498  FULL   3060   0.016  254218.0  32358.9  0.1273  0.31000
       up17_27.11.17	 30499   30609  FULL   3076   0.016  173296.3  20039.9  0.1156  0.31000
      mid18_29.11.17	 30610   30723  FULL   3078   0.016  165620.7  20708.0  0.1250  0.31000
     down16_01.12.17	 30724   30895  FULL   3080   0.016  255180.9  32951.9  0.1291  0.31000
       up15_04.12.17	 30896   30998  FULL   3077   0.016  165093.7  19111.8  0.1158  0.31000
      mid14_06.12.17	 30999   31117  FULL   3082   0.016  178250.3  22299.7  0.1251  0.31000
     down16_08.12.17	 31118   31296  FULL   3084   0.017  264800.5  34239.0  0.1293  0.31000
       up18_11.12.17	 31297   31403  FULL   3082   0.016  158767.2  18414.6  0.1160  0.31000
      mid14_13.12.17	 31404   31513  FULL   3080   0.016  166627.6  20746.9  0.1245  0.31000
     down13_15.12.17	 31514   31697  FULL   3081   0.016  270970.5  34723.2  0.1281  0.30994
      mid16_18.12.17	 31698   31802  FULL   3079   0.016  159736.5  19924.1  0.1247  0.30970
       up14_20.12.17	 31803   31912  FULL   3057   0.016  181678.6  20857.7  0.1148  0.30996
     down17_22.12.17	 31913   32080  FULL   3080   0.017  254201.5  32803.7  0.1290  0.31000
      mid16_25.12.17	 32081   32184  FULL   3076   0.016  161639.2  20188.9  0.1249  0.31000
       up14_27.12.17	 32186   32441  FULL   3066   0.016  407212.8  46951.8  0.1153  0.31000
       up07_01.01.18	 32442   32693  FULL   3074   0.016  407688.5  46758.4  0.1147  0.31000
       up00_06.01.18	 32694   32945  FULL   3082   0.016  403482.4  46411.3  0.1150  0.31000
      mid16_10.01.18	 32946   33062  FULL   3112   0.016  177030.8  22081.2  0.1247  0.31000
     down18_12.01.18	 33064   33255  FULL   3109   0.016  247442.8  32196.3  0.1301  0.31000
       up16_15.01.18	 33256   33369  FULL   3099   0.016  160759.6  18731.8  0.1165  0.31000
      mid17_17.01.18	 33376   33483  FULL   3096   0.016  162088.3  20241.8  0.1249  0.31000
     down15_19.01.18	 33487   33665  FULL   3097   0.017  260134.2  33562.7  0.1290  0.31000
       up17_22.01.18	 33668   33766  FULL   3092   0.016  160999.3  18406.4  0.1143  0.31000
      mid20_24.01.18	 33768   33797  FULL   3092   0.016   41978.6   5240.5  0.1248  0.31000
     down19_26.01.18	 33803   33975  FULL   3092   0.017  215317.3  27483.4  0.1276  0.31000
       up16_29.01.18	 33977   34095  FULL   3088   0.016  175607.6  20364.3  0.1160  0.31000
      mid18_31.01.18	 34096   34209  FULL   3092   0.016  170384.7  21215.9  0.1245  0.31000
     down18_02.02.18	 34211   34385  FULL   3089   0.017  258695.5  33471.4  0.1294  0.31000
       up18_05.02.18	 34387   34496  FULL   3094   0.016  166335.1  19244.3  0.1157  0.31000
      mid17_07.02.18	 34497   34608  FULL   3102   0.016  170619.5  21181.6  0.1241  0.31000
     down17_09.02.18	 34609   34783  FULL   3103   0.016  257303.9  33455.8  0.1300  0.31000
       up17_12.02.18	 34785   34894  FULL   3102   0.017  137429.7  15844.6  0.1153  0.31000
      mid13_14.02.18	 34895   35011  FULL   3106   0.016  178629.3  22171.6  0.1241  0.31000
     down15_16.02.18	 35012   35204  FULL   3104   0.017  268683.7  34973.4  0.1302  0.31000
       up18_19.02.18	 35205   35308  FULL   3094   0.016  164676.5  18952.7  0.1151  0.31000
     down14_23.02.18	 35449   35643  FULL   3093   0.016  269427.2  35281.0  0.1309  0.31000
       up17_26.02.18	 35644   35755  FULL   3096   0.016  168721.2  19664.1  0.1165  0.31000
      mid16_28.02.18	 35756   35877  FULL   3095   0.016  173780.3  21950.0  0.1263  0.31000
     down17_02.03.18	 35878   36102  FULL   3089   0.017  263499.8  35349.7  0.1342  0.31000
       up19_05.03.18	 36103   36231  FULL   3087   0.016  174780.8  20136.3  0.1152  0.31000
      mid20_07.03.18	 36232   36402  FULL   3096   0.016  222131.5  28187.8  0.1269  0.31000
     down18_04.05.18	 38048   38265  FULL   3101   0.015  259719.1  40506.3  0.1560  0.31689
       up19_07.05.18	 38266   38397  FULL   3099   0.015  166929.5  24183.2  0.1449  0.31689
      mid19_09.05.18	 38399   38535  FULL   3103   0.015  167262.5  25468.4  0.1523  0.31697
     down18_11.05.18	 38536   38807  FULL   3107   0.015  329566.0  51221.0  0.1554  0.31701
       up14_15.05.18	 38808   38941  FULL   3097   0.015  173737.8  24276.5  0.1397  0.31704
      mid14_17.05.18	 38942   39067  FULL   3087   0.015  153386.3  22968.2  0.1497  0.31690
     down10_19.05.18	 39068   39253  FULL   3080   0.015  224828.5  34258.9  0.1524  0.31689
     down00_22.05.18	 39254   39272  SOME   2766   0.015   22640.0   3322.4  0.1467  0.31689
     down07_22.05.18	 39273   39299  FULL   3075   0.015   30442.8   4662.3  0.1531  0.31689
       up16_22.05.18	 39300   39434  FULL   3069   0.015  175594.3  24174.5  0.1377  0.31689
      mid17_24.05.18	 39436   39505  FULL   3082   0.015   84837.8  12700.2  0.1497  0.31694
     down17_25.05.18	 39506   39719  FULL   3111   0.015  258653.9  39555.7  0.1529  0.31691
       up18_28.05.18	 39721   39848  FULL   3111   0.015  166316.2  23039.9  0.1385  0.31718
      mid17_30.05.18	 39849   39982  FULL   3107   0.015  162852.4  24448.3  0.1501  0.31747
     down15_01.06.18	 39983   40211  FULL   3115   0.015  278407.2  42505.5  0.1527  0.31716
       up20_04.06.18	 40212   40324  FULL   3112   0.015  146047.4  20260.3  0.1387  0.31716
      mid16_06.06.18	 40326   40479  FULL   3122   0.015  185203.0  28164.6  0.1521  0.31707
     down20_08.06.18	 40480   40686  FULL   3119   0.015  250692.7  38765.0  0.1546  0.31764
       up18_11.06.18	 40687   40813  FULL   3093   0.015  165647.8  23056.7  0.1392  0.31739
      mid16_13.06.18	 40814   40959  FULL   3095   0.015  175759.9  26563.0  0.1511  0.31696
     down17_15.06.18	 40960   41127  FULL   3096   0.015  203973.4  30925.9  0.1516  0.31702
     down05_25.06.18	 41385   41405  FULL   3114   0.016   25671.6   4015.0  0.1564  0.31689
       up14_25.06.18	 41411   41556  FULL   3117   0.015  169658.9  24385.3  0.1437  0.31692
      mid17_27.06.18	 41560   41699  FULL   3112   0.015  167791.5  26189.6  0.1561  0.31692
     down18_29.06.18	 41704   42033  FULL   3069   0.015  421992.9  65199.2  0.1545  0.31689
       up16_04.07.18	 42034   42164  FULL   3096   0.015  170549.6  24818.6  0.1455  0.31690
     down16_06.07.18	 42165   42335  FULL   3066   0.015  218577.9  33458.5  0.1531  0.31689
     down05_09.07.18	 42336   42505  FULL   3115   0.015  215962.7  33129.6  0.1534  0.31689
       up18_11.07.18	 42506   42636  FULL   3123   0.015  171385.8  24970.6  0.1457  0.31689
     down17_13.07.18	 42637   42833  FULL   3123   0.015  247253.2  38047.0  0.1539  0.31690
       up15_16.07.18	 42835   42963  FULL   3118   0.015  167407.0  24304.8  0.1452  0.31689
      mid13_18.07.18	 42964   43106  FULL   3113   0.015  179248.4  27148.7  0.1515  0.31736
     down15_20.07.18	 43107   43383  FULL   3100   0.015  344725.5  52594.4  0.1526  0.31691
       up16_24.07.18	 43384   43517  FULL   3107   0.015  172907.8  24919.3  0.1441  0.31703
      mid16_26.07.18	 43518   43639  FULL   3102   0.015  151324.6  22836.8  0.1509  0.31704
     down10_28.07.18	 43640   43819  FULL   3073   0.015  225150.2  34022.1  0.1511  0.31707
     down01_31.07.18	 43820   43834  SOME   2779   0.015   17900.9   2647.4  0.1479  0.31724
     down07_31.07.18	 43835   43851  FULL   3086   0.015   19991.1   3058.5  0.1530  0.31706
       up13_31.07.18	 43853   43996  FULL   3107   0.015  184930.7  26768.5  0.1447  0.31705
      mid16_02.08.18	 43997   44126  FULL   3108   0.015  158534.5  24372.4  0.1537  0.31704
     down13_04.08.18	 44127   44277  FULL   3105   0.015  186592.0  28628.8  0.1534  0.31704
       up17_06.08.18	 44279   44408  FULL   3103   0.015  169831.9  23875.8  0.1406  0.31704
      mid17_08.08.18	 44411   44535  FULL   3115   0.015  155768.3  23501.8  0.1509  0.31704
     down12_10.08.18	 44536   44755  FULL   3117   0.015  273280.9  41753.3  0.1528  0.31704
       up17_13.08.18	 44756   44884  FULL   3118   0.015  169466.3  23753.9  0.1402  0.31704
      mid16_15.08.18	 44885   45020  FULL   3117   0.015  171344.0  25719.3  0.1501  0.31704
     down16_17.08.18	 45021   45242  FULL   3120   0.015  276811.2  42357.6  0.1530  0.31704
       up22_20.08.18	 45243   45364  FULL   3121   0.015  162074.2  22581.6  0.1393  0.31704
      mid19_22.08.18	 45365   45498  FULL   3127   0.015  170915.9  25596.4  0.1498  0.31544
       up16_28.08.18	 45700   45762  FULL   3126   0.018   86131.4  12284.7  0.1426  0.31302
      mid17_29.08.18	 45763   45829  FULL   3126   0.015   87091.1  13287.7  0.1526  0.31302
     down17_30.08.18	 45831   46108  FULL   3131   0.015  356372.1  54906.9  0.1541  0.31302
       up21_03.09.18	 46109   46228  FULL   3130   0.015  164957.4  22796.1  0.1382  0.31302
      mid19_05.09.18	 46229   46350  FULL   3134   0.015  156191.3  23484.5  0.1504  0.31302
     down15_07.09.18	 46351   46555  FULL   3118   0.015  260033.6  39730.8  0.1528  0.31302
       up16_10.09.18	 46556   46694  FULL   3123   0.015  180209.6  26326.4  0.1461  0.31302
      mid18_12.09.18	 46695   46774  FULL   3123   0.015   99020.8  15229.5  0.1538  0.31302
      mid22_13.09.18	 46775   46821  SOME   2038   0.015   63268.2   8579.7  0.1356  0.31302
     down16_14.09.18	 46822   46952  SOME   2233   0.015  172430.3  24462.2  0.1419  0.31302
     down16_16.09.18	 46953   47025  FULL   3049   0.015   88756.4  14003.4  0.1578  0.31302
       up17_17.09.18	 47026   47154  FULL   3114   0.015  169781.5  24627.7  0.1451  0.31302
      mid16_19.09.18	 47155   47212  FULL   3118   0.015   71979.7  11109.0  0.1543  0.31302
      mid13_20.09.18	 47215   47291  FULL   3125   0.015   95445.4  14822.5  0.1553  0.31302
     down16_21.09.18	 47292   47500  FULL   3124   0.015  257854.9  40765.6  0.1581  0.31137
       up17_24.09.18	 47501   47623  FULL   3099   0.015  167253.8  23383.5  0.1398  0.30873
      mid18_26.09.18	 47628   47756  FULL   3096   0.015  169350.7  25567.4  0.1510  0.31302
     down17_28.09.18	 47757   47957  FULL   3097   0.015  254015.3  39292.6  0.1547  0.31302
       up16_01.10.18	 47959   48080  FULL   3119   0.015  162442.8  23049.0  0.1419  0.31302
      mid14_03.10.18	 48081   48223  FULL   3127   0.015  181417.6  27939.8  0.1540  0.31302
     down17_05.10.18	 48224   48437  FULL   3127   0.015  262918.1  42706.9  0.1624  0.31302
       up18_08.10.18	 48438   48559  FULL   3080   0.015  162933.3  23670.0  0.1453  0.31302
      mid16_10.10.18	 48560   48699  FULL   3101   0.015  177264.7  27132.8  0.1531  0.31302
     down18_12.10.18	 48700   48898  FULL   3117   0.015  250548.8  39152.9  0.1563  0.31302
       up16_15.10.18	 48899   49016  FULL   3128   0.015  159909.3  22753.3  0.1423  0.31195
      mid12_17.10.18	 49017   49080  FULL   3135   0.015   78612.1  12560.1  0.1598  0.31302
     down11_18.10.18	 49081   49387  FULL   3127   0.015  372521.1  61465.5  0.1650  0.31302
       up18_22.10.18	 49388   49516  FULL   3118   0.015  169158.5  25363.2  0.1499  0.31302
      mid18_24.10.18	 49517   49645  FULL   3113   0.015  158706.0  25713.0  0.1620  0.31302
     down14_26.10.18	 49646   49862  FULL   3125   0.016  266688.0  43637.6  0.1636  0.31223
       up16_29.10.18	 49863   49993  FULL   3115   0.015  173900.9  25935.4  0.1491  0.31217
      mid17_31.10.18	 49994   50130  FULL   3109   0.015  169639.8  27492.4  0.1621  0.31217
     down16_02.11.18	 50131   50397  FULL   3124   0.016  335518.2  54801.5  0.1633  0.31217
     down20_14.11.18	 50525   50575  FULL   3108   0.015   63079.6   9904.1  0.1570  0.31703
     down12_16.11.18	 50649   50749  FULL   3105   0.015  123984.5  19768.4  0.1594  0.31703
     down03_18.11.18	 50761   50873  FULL   3063   0.015  139018.9  21892.5  0.1575  0.31703
     down17_23.11.18	 51167   51384  FULL   3114   0.015  260729.2  40968.9  0.1571  0.31703
       up18_26.11.18	 51386   51517  FULL   3110   0.015  165497.6  24302.6  0.1468  0.31703
      mid16_28.11.18	 51518   51664  FULL   3108   0.015  176358.7  28359.0  0.1608  0.31703
     down17_30.11.18	 51665   51872  FULL   3103   0.015  256053.4  40606.4  0.1586  0.31703
       up17_03.12.18	 51873   51999  FULL   3102   0.015  162957.8  24165.7  0.1483  0.31703
     down17_07.12.18	 52148   52352  FULL   3112   0.015  255954.2  40157.9  0.1569  0.31703
       up16_10.12.18	 52353   52487  FULL   3109   0.015  149712.5  22075.0  0.1474  0.31703
      mid17_12.12.18	 52488   52605  FULL   3118   0.015  143091.8  22917.0  0.1602  0.31703
     down18_14.12.18	 52623   52829  FULL   3107   0.015  252956.2  42453.5  0.1678  0.31703
       up17_17.12.18	 52830   52952  FULL   3108   0.015  160724.9  24372.3  0.1516  0.31703
      mid14_19.12.18	 52954   53094  FULL   3110   0.015  169541.0  27672.2  0.1632  0.31703
     down14_21.12.18	 53095   53314  FULL   3111   0.015  266124.3  44083.2  0.1656  0.31703
       up16_24.12.18	 53315   53452  FULL   3113   0.015  178233.4  26858.6  0.1507  0.31703
     down18_26.12.18	 53454   53739  FULL   3119   0.015  342735.2  56992.7  0.1663  0.31672
     down17_30.12.18	 53740   54025  FULL   3124   0.015  342972.4  57096.5  0.1665  0.31701
     down16_03.01.19	 54026   54311  FULL   3099   0.015  342917.2  57095.3  0.1665  0.31703
     down16_07.01.19	 54312   54595  FULL   3078   0.016  338985.5  56471.3  0.1666  0.31702
     down14_11.01.19	 54596   54629  SOME   1716   0.017   43233.2   6253.8  0.1447  0.31703
     down03_12.01.19	 54630   54702  ZERO      0   0.017  116673.6  12185.9  0.1044  0.31701
     down03_15.01.19	 54782   54893  ZERO      0   0.017  183262.1  19102.3  0.1042  0.31702
       up16_21.01.19	 55105   55228  ZERO      0   0.015  208591.4  20588.2  0.0987  0.31353
       up07_29.01.19	 55274   55433  ZERO      0   0.015  278605.3  27878.2  0.1001  0.31702
       up13_01.02.19	 55434   55595  ZERO      0   0.015  274141.6  27472.0  0.1002  0.31703
      mid18_04.02.19	 55599   55756  ZERO      0   0.015  277251.1  27021.8  0.0975  0.31703
      mid23_07.02.19	 55757   55914  ZERO      0   0.015  274745.5  26812.1  0.0976  0.31703
     down07_12.02.19	 55970   56043  ZERO      0   0.016  126115.7  12907.6  0.1023  0.31703
       up18_13.02.19	 56045   56138  ZERO      0   0.015  165033.5  15995.5  0.0969  0.31703
      mid17_15.02.19	 56139   56278  ZERO      0   0.015  244624.5  23743.4  0.0971  0.31695
       up14_18.02.19	 56280   56290  ZERO      1   0.015   17743.5   1685.5  0.0950  0.31640
       up20_18.02.19	 56291   56380  SOME    248   0.015  154002.2  15184.0  0.0986  0.31636
      mid15_20.02.19	 56381   56482  SOME    561   0.015  169060.5  17390.6  0.1029  0.31703
     down15_22.02.19	 56483   56625  SOME   1712   0.016  212554.6  26330.0  0.1239  0.31703
     down02_25.02.19	 56626   56665  FULL   3017   0.016   51352.7   7609.8  0.1482  0.31648
       up17_25.02.19	 56666   56777  FULL   3106   0.015  152601.4  21279.5  0.1394  0.31686
      mid12_27.02.19	 56778   56906  FULL   3095   0.015  171663.0  25037.1  0.1459  0.31645
     down12_01.03.19	 56908   57123  FULL   3115   0.016  279074.6  41786.5  0.1497  0.31679
       up18_04.03.19	 57125   57246  FULL   3097   0.015  162629.9  23009.1  0.1415  0.31703
      mid16_06.03.19	 57247   57385  FULL   3106   0.015  180830.5  27177.3  0.1503  0.31703
     down18_08.03.19	 57387   57705  FULL   3087   0.016  397487.4  61912.5  0.1558  0.31703
     down09_13.03.19	 57706   58024  FULL   3083   0.016  397433.0  61751.7  0.1554  0.31695
     down23_17.03.19	 58025   58343  FULL   3089   0.015  398199.4  61839.4  0.1553  0.31689
     down14_22.03.19	 58344   58661  FULL   3101   0.016  397128.5  61829.7  0.1557  0.31701
     down04_27.03.19	 58662   58978  FULL   3101   0.016  397219.8  61721.0  0.1554  0.31693
     down19_31.03.19	 58979   59342  FULL   3107   0.016  397274.9  61506.7  0.1548  0.31656
     down05_06.04.19	 59343   59657  FULL   3114   0.016  397783.7  61649.8  0.1550  0.31514
     down20_10.04.19	 59658   59970  FULL   3114   0.016  398278.4  61376.2  0.1541  0.31432
     down10_15.04.19	 59971   60283  FULL   3116   0.016  398169.2  61294.7  0.1539  0.31537
     down01_20.04.19	 60284   60592  FULL   3112   0.016  389839.6  60202.2  0.1544  0.31537
       up15_24.04.19	 60593   60808  FULL   3119   0.015  297694.3  40586.4  0.1363  0.31491
       up03_28.04.19	 60809   61022  FULL   3121   0.016  294744.3  40272.0  0.1366  0.31491
     down13_01.05.19	 61023   61162  FULL   3111   0.016  173234.9  27141.6  0.1567  0.31491
       up12_09.05.19	 61163   61350  FULL   3095   0.015  261878.3  34898.4  0.1333  0.31491
       up13_12.05.19	 61351   61540  FULL   3110   0.015  258578.0  34543.3  0.1336  0.31491
     down15_15.05.19	 61541   61828  FULL   3113   0.015  301264.1  46304.9  0.1537  0.31634
     down06_19.05.19	 61829   62071  FULL   3107   0.015  299294.0  45928.2  0.1535  0.31677
       up17_22.05.19	 62072   62296  FULL   3105   0.015  304214.9  41852.9  0.1376  0.31367
       up06_26.05.19	 62297   62519  FULL   3109   0.015  299774.5  41102.9  0.1371  0.31338
     down18_29.05.19	 62520   62753  FULL   3111   0.015  296902.4  44260.0  0.1491  0.31338
     down04_02.06.19	 62754   62985  FULL   3108   0.015  294671.6  44000.1  0.1493  0.31338
       up15_05.06.19	 62986   63211  FULL   3110   0.015  307380.0  42067.8  0.1369  0.31338
       up04_09.06.19	 63212   63438  FULL   3106   0.015  303711.2  41513.3  0.1367  0.31338
     down17_12.06.19	 63439   63675  FULL   3110   0.015  299402.3  44477.8  0.1486  0.31338
     down04_16.06.19	 63676   63912  FULL   3113   0.015  295901.8  44478.5  0.1503  0.31338
       up15_19.06.19	 63913   64087  FULL   3114   0.015  235867.5  32222.6  0.1366  0.31338
       up08_22.06.19	 64088   64261  FULL   3117   0.015  231845.1  31542.4  0.1360  0.31338
     down18_04.07.19	 64325   64600  FULL   3108   0.016  354339.4  53483.9  0.1509  0.31284
       up15_11.07.19	 64605   64683  FULL   3108   0.015  105506.4  14517.9  0.1376  0.31284
       up15_15.07.19	 64684   64819  FULL   3106   0.015  182321.5  24894.5  0.1365  0.31284
     down18_17.07.19	 64820   64848  FULL   3111   0.016   35701.1   5290.0  0.1482  0.31284
     down04_18.07.19	 64849   64902  SOME   1017   0.016   79713.8   9000.2  0.1129  0.31284
     down03_19.07.19	 64903   65136  FULL   3100   0.016  299619.4  44233.7  0.1476  0.31284
     down14_22.07.19	 65137   65370  FULL   3112   0.016  294593.6  43773.1  0.1486  0.31284
     down15_29.07.19	 65621   65757  FULL   3119   0.016  171117.3  25481.5  0.1489  0.31284
       up15_31.07.19	 65758   65917  FULL   3115   0.015  216669.7  29288.7  0.1352  0.31284
       up03_03.08.19	 65918   66078  FULL   3116   0.015  212802.5  29117.1  0.1368  0.31284
     down19_05.08.19	 66091   66397  FULL   3124   0.016  386482.6  57862.7  0.1497  0.31284
     down06_10.08.19	 66398   66702  FULL   3121   0.016  384190.0  57388.1  0.1494  0.31284
       up17_14.08.19	 66703   66954  FULL   3119   0.015  341394.4  46044.2  0.1349  0.31284
     down16_21.08.19	 67160   67394  FULL   3124   0.016  295450.3  43726.0  0.1480  0.31284
     down02_25.08.19	 67395   67626  FULL   3120   0.016  291637.5  43312.1  0.1485  0.31284
       up12_28.08.19	 67627   67925  FULL   3115   0.015  404686.5  54365.7  0.1343  0.31283
       up05_02.09.19	 67926   68041  SOME   2061   0.015  166047.4  20063.1  0.1208  0.31283
       up03_04.09.19	 68042   68080  FULL   2987   0.015   51165.9   6781.1  0.1325  0.31284
     down18_04.09.19	 68081   68320  FULL   3114   0.016  299491.9  44187.4  0.1475  0.31284
     down05_08.09.19	 68321   68556  FULL   3117   0.016  297760.4  43905.4  0.1475  0.31284
       up16_11.09.19	 68557   68775  FULL   3115   0.015  299439.9  39945.1  0.1334  0.31284
       up04_15.09.19	 68776   68993  FULL   3119   0.015  294926.0  39441.1  0.1337  0.31284
     down16_18.09.19	 68994   69271  FULL   3109   0.016  338941.7  50632.5  0.1494  0.31284
     down14_22.09.19	 69272   69540  FULL   3115   0.016  334895.2  50029.9  0.1494  0.31284
       up12_26.09.19	 69541   69739  FULL   3106   0.015  268151.9  36618.5  0.1366  0.31284
     down15_04.10.19	 69765   70101  FULL   3108   0.016  417303.0  63308.5  0.1517  0.30929
       up11_09.10.19	 70102   70329  FULL   3098   0.015  308434.1  41926.6  0.1359  0.30931
       up01_13.10.19	 70330   70565  FULL   3104   0.015  306907.2  41537.9  0.1353  0.30927
     down14_16.10.19	 70566   70768  FULL   3114   0.016  256241.1  37989.8  0.1483  0.30910
     down12_22.10.19	 70769   70918  FULL   3119   0.016  164620.6  24737.1  0.1503  0.30944
       up18_24.10.19	 70930   71245  FULL   3116   0.015  425408.5  58238.8  0.1369  0.31374
     down17_29.10.19	 71246   71510  FULL   3115   0.016  336393.5  50411.9  0.1499  0.31374
     down14_02.11.19	 71511   71768  FULL   3105   0.016  333371.2  49385.5  0.1481  0.31374
       up11_06.11.19	 71769   71965  FULL   3108   0.015  271941.6  36991.0  0.1360  0.31374
       up15_09.11.19	 71966   72162  FULL   3107   0.015  269612.6  36587.4  0.1357  0.31374
     down18_12.11.19	 72163   72423  FULL   3108   0.016  332171.8  49727.4  0.1497  0.31374
     down14_16.11.19	 72424   72684  FULL   3111   0.016  330005.6  49754.8  0.1508  0.31374
       up10_20.11.19	 72685   72907  FULL   3111   0.015  311713.8  42252.7  0.1355  0.31374
       up01_24.11.19	 72908   73128  FULL   3101   0.015  307546.9  41695.2  0.1356  0.31374
     down15_27.11.19	 73130   73362  FULL   3097   0.016  298231.3  44548.0  0.1494  0.31374
     down02_01.12.19	 73363   73588  FULL   3094   0.016  294513.8  43190.8  0.1467  0.31374
       up12_04.12.19	 73590   73781  FULL   3090   0.016  265942.3  35760.7  0.1345  0.31374
       up14_07.12.19	 73782   73973  FULL   3105   0.015  262334.6  35465.1  0.1352  0.31374
     down16_10.12.19	 73974   74242  FULL   3111   0.016  341277.9  51259.9  0.1502  0.31374
     down19_14.12.19	 74243   74508  FULL   3109   0.016  338560.9  51154.8  0.1511  0.31374
       up17_18.12.19	 74509   74699  FULL   3100   0.015  255984.0  35553.3  0.1389  0.31374
       up16_21.12.19	 74700   74891  FULL   3084   0.015  253272.9  35265.5  0.1392  0.31374
     down15_24.12.19	 74893   75201  FULL   3097   0.016  402292.2  59084.1  0.1469  0.31374
     down07_29.12.19	 75202   75513  FULL   3101   0.016  401542.4  60016.8  0.1495  0.31374
     down22_02.01.20	 75514   75830  FULL   3104   0.016  402757.1  61127.6  0.1518  0.31374
     down14_07.01.20	 75831   76146  FULL   3110   0.016  402151.4  60905.7  0.1514  0.31374
     down06_12.01.20	 76147   76464  FULL   3096   0.016  402333.9  61161.0  0.1520  0.31374
     down22_16.01.20	 76465   76778  FULL   3098   0.016  395517.4  59977.8  0.1516  0.31374
       up12_21.01.20	 76780   77013  FULL   3099   0.015  309342.5  42379.1  0.1370  0.31374
       up03_25.01.20	 77014   77239  FULL   3106   0.015  306444.3  41869.9  0.1366  0.31371
     down16_28.01.20	 77240   77418  FULL   3112   0.016  229941.5  34166.2  0.1486  0.31368
     down08_31.01.20	 77419   77595  FULL   3109   0.016  224987.0  33840.5  0.1504  0.31374
     down23_02.02.20	 77596   77627  SOME   2081   0.016   42946.3   5731.5  0.1335  0.31374
     down11_03.02.20	 77628   77780  FULL   3103   0.016  193530.8  29070.0  0.1502  0.31374
       up17_05.02.20	 77782   77968  FULL   3110   0.015  254480.7  34931.4  0.1373  0.31374
       up16_08.02.20	 77969   78152  FULL   3097   0.015  250604.0  34351.8  0.1371  0.31374
     down14_11.02.20	 78153   78234  FULL   3100   0.016  105262.3  15373.4  0.1460  0.31374
