  Name              	  Begin   End   P      Power  NoVeto  Total     Dead    %       Eff
     down12_21.04.16	  2307    2362  FULL   3120   0.022   86676.5   8742.6  0.1009  0.31891
       up14_22.04.16	  2374    2387  FULL   3110   0.022   21467.1   2049.0  0.0954  0.31891
     down14_23.04.16	  2398    2445  FULL   3110   0.023   73814.6   7316.4  0.0991  0.31891
      mid12_24.04.16	  2449    2511  FULL   3109   0.022   91741.3   9112.7  0.0993  0.31891
       up15_25.04.16	  2514    2527  SOME   2401   0.022   21705.9   1997.4  0.0920  0.31891
       up22_25.04.16	  2528    2562  FULL   3083   0.022   49545.5   4664.9  0.0942  0.31891
     down13_26.04.16	  2564    2616  FULL   3104   0.022   79664.8   7899.7  0.0992  0.31891
      mid12_27.04.16	  2619    2685  FULL   3116   0.022  101040.3  10041.6  0.0994  0.31891
       up17_28.04.16	  2687    2729  FULL   3123   0.022   61846.7   5903.8  0.0955  0.31891
     down12_29.04.16	  2733    2788  FULL   3104   0.022   81394.1   8247.1  0.1013  0.31891
      mid12_30.04.16	  2791    2833  FULL   3106   0.023   65136.7   6485.3  0.0996  0.31891
    stuck07_01.05.16	  2836    3068  FULL   3111   0.022  332854.6  32852.6  0.0987  0.31929
    stuck04_05.05.16	  3069    3302  FULL   3115   0.023  332571.2  32605.6  0.0980  0.31923
    stuck01_09.05.16	  3303    3534  FULL   3127   0.023  333549.4  32078.4  0.0962  0.31922
    stuck23_12.05.16	  3535    3762  FULL   3124   0.023  328200.9  31656.7  0.0965  0.31925
    stuck14_21.05.16	  3764    3778  FULL   3127   0.023   16692.0   1590.2  0.0953  0.31475
       up00_04.06.16	  4261    4400  FULL   3116   0.045  223441.3  19884.3  0.0890  0.31475
     down15_06.06.16	  4403    4437  FULL   3122   0.046   51243.4   4793.3  0.0935  0.31455
   raised13_30.09.16	  5540    5805  FULL   3108   0.026  356751.8  39867.6  0.1118  0.31453
       up14_10.10.16	  6010    6127  FULL   3100   0.016  156447.7  17759.2  0.1135  0.31455
      mid12_12.10.16	  6138    6157  FULL   3107   0.016   18977.8   2333.6  0.1230  0.31455
      mid19_12.10.16	  6158    6274  SOME   1253   0.016  164324.6  16658.0  0.1014  0.31455
     down18_14.10.16	  6278    6465  SOME    105   0.017  235379.6  21478.0  0.0912  0.31455
       up13_17.10.16	  6470    6570  SOME     65   0.016  156381.0  13616.4  0.0871  0.31455
     down15_21.10.16	  6587    6745  SOME     45   0.016  251170.1  22415.3  0.0892  0.31455
       up17_24.10.16	  6747    6817  SOME     44   0.016   70393.5   6462.4  0.0918  0.31455
      mid21_26.10.16	  6837    6922  SOME    111   0.019  143352.4  11801.5  0.0823  0.31455
     down16_28.10.16	  6928    7036  SOME   2186   0.019  158371.8  17385.2  0.1098  0.31455
     down13_30.10.16	  7037    7095  FULL   2946   0.017   83628.0  10130.3  0.1211  0.31455
       up14_31.10.16	  7104    7363  FULL   3013   0.017  155431.4  17922.6  0.1153  0.31455
      mid13_11.11.16	  7387    7405  FULL   3106   0.017   16477.7   2042.6  0.1240  0.31493
     down19_11.11.16	  7417    7458  FULL   3110   0.017   24273.0   3071.3  0.1265  0.31507
       up15_14.11.16	  7478    7578  FULL   3120   0.016  158697.3  16593.0  0.1046  0.31465
      mid13_16.11.16	  7581    7608  FULL   3116   0.018   28910.5   3272.8  0.1132  0.31458
      mid21_16.11.16	  7609    7656  SOME   1250   0.017   69305.3   6133.2  0.0885  0.31455
      mid17_17.11.16	  7657    7715  FULL   3069   0.017   80137.4   9011.0  0.1124  0.31455
     down18_18.11.16	  7730    7913  FULL   3120   0.018  242138.3  28300.3  0.1169  0.31455
       up15_21.11.16	  7922    8041  FULL   3116   0.017  158279.6  16883.7  0.1067  0.31458
      mid14_23.11.16	  8048    8178  FULL   3106   0.018  176052.1  20388.2  0.1158  0.31455
     down18_25.11.16	  8186    8352  FULL   3111   0.017  236525.9  28191.4  0.1192  0.31454
       up14_28.11.16	  8359    8430  FULL   3118   0.017   91583.5  10029.3  0.1095  0.31766
      mid16_30.11.16	  8447    8570  FULL   3108   0.016  178591.0  20810.3  0.1165  0.31827
     down20_02.12.16	  8574    8737  FULL   3114   0.016  234289.5  28078.9  0.1198  0.31827
       up14_05.12.16	  8741    8868  FULL   3112   0.016  156285.9  16979.8  0.1086  0.31827
      mid11_07.12.16	  8873    9007  FULL   3104   0.016  190354.3  22050.5  0.1158  0.31827
       up16_12.12.16	  9012    9111  FULL   3089   0.016  148948.6  16135.4  0.1083  0.31827
      mid11_14.12.16	  9116    9244  FULL   3095   0.016  189034.1  21743.8  0.1150  0.31827
     down21_16.12.16	  9260    9469  FULL   3097   0.017  231687.2  27689.1  0.1195  0.31826
       up15_19.12.16	  9475    9563  FULL   3088   0.016  103519.2  11308.8  0.1092  0.31793
       up20_20.12.16	  9564    9599  SOME   1535   0.016   54058.5   4995.4  0.0924  0.31827
      mid13_21.12.16	  9603    9711  SOME   1598   0.016  180952.3  17076.0  0.0944  0.31824
     down17_23.12.16	  9717    9868  SOME   2247   0.017  238647.1  25060.5  0.1050  0.31827
       up13_26.12.16	  9871   10019  SOME   2449   0.016  170795.8  17238.4  0.1009  0.31827
      mid14_28.12.16	 10021   10170  SOME   2467   0.016  166664.8  17897.7  0.1074  0.31755
     down14_30.12.16	 10175   10378  SOME   1188   0.017  349741.1  32261.7  0.0922  0.31827
     down16_03.01.17	 10379   10424  FULL   3081   0.017   65165.0   7640.3  0.1172  0.31825
       up13_04.01.17	 10434   10648  FULL   3100   0.018  289313.0  31189.4  0.1078  0.31827
       up05_08.01.17	 10649   10832  FULL   3085   0.016  284308.5  30544.9  0.1074  0.31827
      mid13_11.01.17	 10835   10973  FULL   3098   0.016  186970.7  21888.3  0.1171  0.31827
     down19_13.01.17	 10979   11147  FULL   3101   0.017  235395.7  27854.0  0.1183  0.31821
       up13_16.01.17	 11150   11267  FULL   3098   0.016  167604.4  17903.8  0.1068  0.31826
      mid13_18.01.17	 11271   11401  FULL   3097   0.016  179751.1  20803.1  0.1157  0.31728
     down21_20.01.17	 11404   11563  FULL   3103   0.017  222256.7  26473.2  0.1191  0.31808
       up15_23.01.17	 11570   11694  FULL   3099   0.016  146025.1  15796.0  0.1082  0.31827
      mid13_25.01.17	 11695   11817  FULL   3108   0.016  153636.1  17850.5  0.1162  0.31818
     down14_27.01.17	 11821   12062  FULL   3104   0.016  354226.9  41478.8  0.1171  0.31825
     down17_31.01.17	 12063   12303  FULL   3110   0.016  349173.9  41208.3  0.1180  0.31827
       up17_06.02.17	 12425   12547  FULL   3119   0.016  170458.9  18147.4  0.1065  0.31827
      mid17_08.02.17	 12548   12671  FULL   3110   0.016  174791.8  19895.6  0.1138  0.31823
     down18_10.02.17	 12672   12880  FULL   3106   0.016  260366.8  30918.5  0.1187  0.31756
      mid18_14.02.17	 12938   12984  FULL   3103   0.016   67389.1   7792.9  0.1156  0.31827
       up14_16.02.17	 13050   13115  FULL   3098   0.022   86933.5   9230.5  0.1062  0.31827
     down15_17.02.17	 13117   13367  FULL   3106   0.022  258359.5  30604.7  0.1185  0.31825
       up16_20.02.17	 13368   13504  FULL   3103   0.023  168220.3  17954.4  0.1067  0.31815
      mid15_22.02.17	 13505   13664  FULL   3103   0.022  183853.9  21083.8  0.1147  0.31827
     down18_24.02.17	 13665   13852  FULL   3106   0.023  243156.1  28209.7  0.1160  0.31816
       up17_27.02.17	 13854   13901  FULL   3105   0.023   62826.1   6670.2  0.1062  0.31810
      mid11_28.02.17	 13902   14136  FULL   3112   0.022  270647.5  30913.9  0.1142  0.31813
      mid14_03.03.17	 14137   14359  FULL   3111   0.022  266658.5  30546.2  0.1146  0.31826
     down18_06.03.17	 14360   14426  FULL   3120   0.023   82533.8   9521.7  0.1154  0.31827
     down14_10.03.17	 14636   14831  FULL   3117   0.022  257398.1  29598.0  0.1150  0.31772
       up14_13.03.17	 14833   14968  FULL   3113   0.022  169670.4  17841.9  0.1052  0.31827
      mid14_15.03.17	 14972   15130  FULL   3099   0.016  186109.2  21398.1  0.1150  0.31827
     down19_17.03.17	 15132   15306  FULL   3100   0.017  227517.5  26749.5  0.1176  0.31827
       up14_20.03.17	 15307   15412  FULL   3100   0.016  164996.4  17303.8  0.1049  0.31815
      mid12_22.03.17	 15413   15436  FULL   3099   0.016   34648.0   3906.7  0.1128  0.31734
      mid14_29.03.17	 17314   17437  FULL   3098   0.016  150509.5  17207.2  0.1143  0.31778
     down16_31.03.17	 17439   17612  FULL   3102   0.017  224059.6  25977.6  0.1159  0.31827
       up15_03.04.17	 17613   17715  FULL   3106   0.016  161086.3  16718.7  0.1038  0.31827
      mid12_05.04.17	 17717   17848  FULL   3105   0.016  186381.9  21263.1  0.1141  0.31813
     down18_07.04.17	 17849   18020  FULL   3118   0.016  249068.9  28965.7  0.1163  0.31824
       up16_10.04.17	 18021   18132  FULL   3107   0.016  164593.0  17377.6  0.1056  0.31784
      mid14_12.04.17	 18133   18263  FULL   3108   0.016  178726.1  20481.2  0.1146  0.31677
     down16_14.04.17	 18264   18444  FULL   3109   0.017  247905.8  29040.5  0.1171  0.31793
       up13_17.04.17	 18445   18552  FULL   3103   0.016  165388.2  17141.0  0.1036  0.31805
      mid12_19.04.17	 18553   18611  FULL   3109   0.017   80066.6   8973.3  0.1121  0.31825
      mid11_20.04.17	 18612   18656  SOME   1589   0.016   62976.8   5782.5  0.0918  0.31827
      mid08_21.04.17	 18657   18682  FULL   3058   0.017   35893.9   4105.0  0.1144  0.31827
     down20_21.04.17	 18689   18858  FULL   3112   0.017  235080.2  27643.9  0.1176  0.31827
       up14_24.04.17	 18859   18921  FULL   3108   0.016   96540.6  10092.8  0.1045  0.31827
      mid17_26.04.17	 18922   19037  FULL   3120   0.016  162045.9  18320.8  0.1131  0.31825
     down15_28.04.17	 19041   19221  FULL   3108   0.016  257974.4  29940.5  0.1161  0.31824
       up15_01.05.17	 19222   19448  FULL   3120   0.016  336450.7  35742.4  0.1062  0.31812
     down18_05.05.17	 19460   19638  FULL   3112   0.016  251349.9  29417.6  0.1170  0.31816
       up16_08.05.17	 19639   19738  FULL   3111   0.016  155515.8  16620.1  0.1069  0.31827
      mid13_10.05.17	 19739   19856  FULL   3114   0.016  174959.0  20187.7  0.1154  0.31827
     down14_12.05.17	 19857   20041  FULL   3125   0.016  263790.2  31128.0  0.1180  0.31811
       up15_15.05.17	 20042   20151  FULL   3119   0.016  174479.0  18641.4  0.1068  0.31807
     down21_17.05.17	 20195   20231  FULL   3124   0.016   53500.4   6199.5  0.1159  0.31459
     down21_18.05.17	 20252   20474  FULL   3123   0.016  313668.6  37705.0  0.1202  0.31455
       up13_22.05.17	 20475   20606  FULL   3118   0.016  162464.3  17809.6  0.1096  0.31455
      mid11_24.05.17	 20612   20752  FULL   3120   0.016  197938.5  23020.1  0.1163  0.31455
     down19_26.05.17	 20754   20912  FULL   3122   0.016  219831.8  26593.9  0.1210  0.31455
       up16_29.05.17	 20915   21027  FULL   3112   0.016  171033.1  18734.0  0.1095  0.31463
      mid16_31.05.17	 21028   21147  FULL   3113   0.016  171825.9  20306.6  0.1182  0.31460
     down17_02.06.17	 21148   21307  FULL   3123   0.016  217425.9  26631.2  0.1225  0.31455
       up14_05.06.17	 21315   21411  FULL   3099   0.016  146975.0  16374.3  0.1114  0.31827
      mid07_07.06.17	 21412   21566  FULL   3103   0.016  217630.7  25805.5  0.1186  0.31827
       up13_13.06.17	 21616   21672  FULL   3094   0.016   87668.7   9578.3  0.1093  0.31455
      mid14_14.06.17	 21673   21793  FULL   3089   0.016  107676.9  12650.7  0.1175  0.31455
     down19_16.06.17	 21801   21959  FULL   3092   0.016  206118.2  24248.0  0.1176  0.31456
       up11_19.06.17	 21960   22078  FULL   3087   0.016  187551.5  19948.0  0.1064  0.31455
      mid17_21.06.17	 22085   22200  FULL   3086   0.016  167815.3  19725.6  0.1175  0.31455
     down16_23.06.17	 22201   22380  FULL   3099   0.016  241920.9  29577.9  0.1223  0.31455
       up12_26.06.17	 22381   22497  FULL   3093   0.016  180154.8  19682.0  0.1093  0.31456
      mid15_28.06.17	 22501   22637  FULL   3091   0.016  187457.1  22107.3  0.1179  0.31455
     down20_30.06.17	 22638   22812  FULL   3079   0.016  245165.0  29161.6  0.1189  0.31436
       up22_03.07.17	 22827   22924  FULL   3045   0.015  144195.2  15725.1  0.1091  0.31455
      mid15_05.07.17	 22925   23041  FULL   3054   0.016  169389.7  19826.0  0.1170  0.31454
     down16_07.07.17	 23042   23059  FULL   3041   0.016   23838.2   2837.1  0.1190  0.31465
     down23_07.07.17	 23060   23073  SOME   1070   0.016   21701.8   2020.2  0.0931  0.31415
     down06_08.07.17	 23074   23186  ZERO      0   0.016  152959.1  12286.2  0.0803  0.31450
       up15_10.07.17	 23188   23282  ZERO      0   0.016  169290.3  13005.6  0.0768  0.31455
      mid14_12.07.17	 23283   23381  ZERO      0   0.016  176494.3  13865.9  0.0786  0.31455
     down15_14.07.17	 23382   23523  ZERO      0   0.016  248534.1  20305.4  0.0817  0.31455
       up14_17.07.17	 23525   23624  ZERO      0   0.016  178296.2  13947.0  0.0782  0.31455
      mid16_19.07.17	 23625   23724  ZERO      0   0.016  178295.7  14264.4  0.0800  0.31454
     down18_21.07.17	 23725   23862  ZERO      0   0.016  244578.2  20151.4  0.0824  0.31462
       up14_24.07.17	 23863   23957  ZERO      0   0.016  169290.7  13295.0  0.0785  0.31455
      mid13_26.07.17	 23958   24060  ZERO      0   0.016  183262.8  14574.9  0.0795  0.31458
     down17_28.07.17	 24061   24203  ZERO      0   0.016  250570.9  20211.9  0.0807  0.31455
      mid17_02.08.17	 24215   24343  ZERO      0   0.016  177272.2  14056.2  0.0793  0.31455
     down21_04.08.17	 24348   24481  ZERO      0   0.016  238387.2  19234.7  0.0807  0.31455
       up15_07.08.17	 24482   24575  ZERO      0   0.016  167490.3  12935.7  0.0772  0.31457
      mid14_09.08.17	 24576   24670  ZERO      0   0.016  168359.7  13269.3  0.0788  0.31455
     down17_11.08.17	 24672   24705  ZERO      0   0.016   58972.2   4767.5  0.0808  0.31479
     down17_18.08.17	 24731   24775  SOME   1308   0.016   75704.0   7070.9  0.0934  0.31455
     down15_19.08.17	 24776   24892  FULL   3085   0.016  178403.9  20114.9  0.1127  0.31455
       up17_21.08.17	 24893   24908  FULL   3087   0.016   23531.7   2416.5  0.1027  0.31464
       up00_22.08.17	 24909   24980  SOME    145   0.016  127784.1   9846.1  0.0771  0.31464
      mid16_23.08.17	 24985   25100  SOME     66   0.016  174051.0  13792.7  0.0792  0.31461
     down17_25.08.17	 25101   25211  SOME    390   0.016  194528.7  16011.3  0.0823  0.31455
     down23_27.08.17	 25212   25251  FULL   3048   0.016   58985.8   6592.5  0.1118  0.31460
       up16_28.08.17	 25252   25356  FULL   3060   0.016  169627.8  17209.1  0.1015  0.31451
      mid16_30.08.17	 25357   25474  FULL   3061   0.016  178583.7  19643.6  0.1100  0.31445
     down18_01.09.17	 25475   25659  FULL   3072   0.016  271520.1  31005.1  0.1142  0.31449
       up22_04.09.17	 25660   25761  FULL   3085   0.016  160532.3  16674.8  0.1039  0.31432
      mid19_06.09.17	 25762   25876  FULL   3077   0.016  172067.6  19133.2  0.1112  0.31450
     down20_08.09.17	 25881   25939  FULL   3091   0.016   84086.4   9746.6  0.1159  0.31453
     down20_09.09.17	 25940   25987  SOME    842   0.016   79300.3   7185.9  0.0906  0.31411
     down18_10.09.17	 25988   26154  FULL   3081   0.016  248911.9  27865.7  0.1120  0.31432
       up17_13.09.17	 26157   26264  FULL   3074   0.016  172511.5  17562.4  0.1018  0.31455
     down17_15.09.17	 26265   26436  FULL   3077   0.016  249085.4  27924.6  0.1121  0.31416
       up15_18.09.17	 26437   26551  FULL   3069   0.016  170348.1  17370.8  0.1020  0.31451
      mid14_20.09.17	 26552   26676  FULL   3073   0.016  180507.3  20007.1  0.1108  0.31446
     down17_22.09.17	 26678   26852  FULL   3080   0.016  250764.3  28301.2  0.1129  0.31456
       up16_25.09.17	 26853   26958  FULL   3083   0.016  172208.1  17426.9  0.1012  0.31461
      mid16_27.09.17	 26959   27061  FULL   3088   0.016  156298.4  17189.5  0.1100  0.31455
     down12_29.09.17	 27062   27244  FULL   3097   0.016  265701.5  30561.8  0.1150  0.31455
       up14_02.10.17	 27246   27349  FULL   3098   0.016  167692.3  17240.9  0.1028  0.31455
      mid14_04.10.17	 27350   27469  FULL   3102   0.016  180126.3  20188.1  0.1121  0.31455
     down16_06.10.17	 27470   27606  FULL   3102   0.016  201269.7  22845.1  0.1135  0.31455
     down00_09.10.17	 27607   27641  SOME   2736   0.017   52439.5   5686.1  0.1084  0.31455
       up16_09.10.17	 27644   27750  FULL   3093   0.016  170703.2  17432.9  0.1021  0.31455
      mid16_11.10.17	 27751   27860  FULL   3087   0.016  165338.0  18169.8  0.1099  0.31455
     down15_13.10.17	 27864   28036  FULL   3094   0.016  253803.3  28848.3  0.1137  0.31455
       up14_16.10.17	 28037   28145  FULL   3084   0.016  164389.8  16652.5  0.1013  0.31448
      mid13_18.10.17	 28148   28283  FULL   3078   0.016  184964.2  20163.6  0.1090  0.31438
     down17_20.10.17	 28284   28468  FULL   3082   0.016  253458.7  28793.0  0.1136  0.31455
       up16_23.10.17	 28471   28532  FULL   3080   0.016   95127.2   9769.6  0.1027  0.31455
      mid16_25.10.17	 28533   28658  FULL   3079   0.016  172356.9  18784.0  0.1090  0.31454
     down16_27.10.17	 28659   28858  FULL   3085   0.017  260040.5  29908.5  0.1150  0.31447
       up17_30.10.17	 28859   28964  FULL   3083   0.016  163380.5  16844.2  0.1031  0.31455
      mid16_01.11.17	 28966   29093  FULL   3085   0.016  176136.3  19695.7  0.1118  0.31455
     down18_03.11.17	 29097   29279  FULL   3080   0.016  253617.0  28770.7  0.1134  0.31455
       up17_06.11.17	 29280   29392  FULL   3076   0.016  166870.7  17127.4  0.1026  0.31443
      mid16_08.11.17	 29393   29522  FULL   3080   0.016  171170.8  19235.6  0.1124  0.31448
     down17_10.11.17	 29523   29627  FULL   3089   0.016  136655.8  15689.9  0.1148  0.31455
       up21_13.11.17	 29701   29803  FULL   3089   0.016  146201.5  15370.9  0.1051  0.31455
      mid14_15.11.17	 29804   29933  FULL   3089   0.016  180405.7  20075.7  0.1113  0.31438
     down16_17.11.17	 29934   30069  FULL   3089   0.016  200204.6  23258.0  0.1162  0.31149
     down00_20.11.17	 30070   30084  SOME   2767   0.016   21151.9   2398.2  0.1134  0.31149
     down07_20.11.17	 30085   30107  FULL   3073   0.016   32640.5   3795.7  0.1163  0.31149
       up20_20.11.17	 30116   30211  SOME   2508   0.016  159588.8  15649.3  0.0981  0.31149
      mid16_22.11.17	 30212   30311  SOME   2479   0.016  150404.1  15739.2  0.1046  0.31149
      mid10_24.11.17	 30312   30330  FULL   2859   0.016   25302.1   2743.6  0.1084  0.31149
     down18_24.11.17	 30331   30498  FULL   3060   0.016  254218.0  28758.8  0.1131  0.31149
       up17_27.11.17	 30499   30609  FULL   3076   0.016  173296.3  17910.6  0.1034  0.31149
      mid18_29.11.17	 30610   30723  FULL   3078   0.016  165620.7  18437.6  0.1113  0.31149
     down16_01.12.17	 30724   30895  FULL   3080   0.016  255180.9  29306.8  0.1148  0.31149
       up15_04.12.17	 30896   30998  FULL   3077   0.016  165093.7  17073.0  0.1034  0.31149
      mid14_06.12.17	 30999   31117  FULL   3082   0.016  178250.3  19839.8  0.1113  0.31149
     down16_08.12.17	 31118   31296  FULL   3084   0.017  264800.5  30442.3  0.1150  0.31149
       up18_11.12.17	 31297   31403  FULL   3082   0.016  158767.2  16456.0  0.1036  0.31149
      mid14_13.12.17	 31404   31513  FULL   3080   0.016  166627.6  18451.5  0.1107  0.31149
     down13_15.12.17	 31514   31697  FULL   3081   0.016  270970.5  30851.3  0.1139  0.31145
      mid16_18.12.17	 31698   31802  FULL   3079   0.016  159736.5  17726.7  0.1110  0.31124
       up14_20.12.17	 31803   31912  FULL   3057   0.016  181678.6  18633.3  0.1026  0.31144
     down17_22.12.17	 31913   32080  FULL   3080   0.017  254201.5  29133.9  0.1146  0.31149
      mid16_25.12.17	 32081   32184  FULL   3076   0.016  161639.2  17947.0  0.1110  0.31149
       up14_27.12.17	 32186   32441  FULL   3066   0.016  407212.8  41934.6  0.1030  0.31149
       up07_01.01.18	 32442   32693  FULL   3074   0.016  407688.5  41743.6  0.1024  0.31149
       up00_06.01.18	 32694   32945  FULL   3082   0.016  403482.4  41435.2  0.1027  0.31149
      mid16_10.01.18	 32946   33062  FULL   3112   0.016  177030.8  19636.4  0.1109  0.31149
     down18_12.01.18	 33064   33255  FULL   3109   0.016  247442.8  28657.0  0.1158  0.31149
       up16_15.01.18	 33256   33369  FULL   3099   0.016  160759.6  16742.2  0.1041  0.31149
      mid17_17.01.18	 33376   33483  FULL   3096   0.016  162088.3  17994.6  0.1110  0.31149
     down15_19.01.18	 33487   33665  FULL   3097   0.017  260134.2  29817.0  0.1146  0.31149
       up17_22.01.18	 33668   33766  FULL   3092   0.016  160999.3  16421.9  0.1020  0.31149
      mid20_24.01.18	 33768   33797  FULL   3092   0.016   41978.6   4660.9  0.1110  0.31149
     down19_26.01.18	 33803   33975  FULL   3092   0.017  215317.3  24416.8  0.1134  0.31149
       up16_29.01.18	 33977   34095  FULL   3088   0.016  175607.6  18190.3  0.1036  0.31149
      mid18_31.01.18	 34096   34209  FULL   3092   0.016  170384.7  18858.5  0.1107  0.31149
     down18_02.02.18	 34211   34385  FULL   3089   0.017  258695.5  29766.3  0.1151  0.31149
       up18_05.02.18	 34387   34496  FULL   3094   0.016  166335.1  17182.2  0.1033  0.31149
      mid17_07.02.18	 34497   34608  FULL   3102   0.016  170619.5  18822.7  0.1103  0.31149
     down17_09.02.18	 34609   34783  FULL   3103   0.016  257303.9  29755.9  0.1156  0.31149
       up17_12.02.18	 34785   34894  FULL   3102   0.017  137429.7  14147.5  0.1029  0.31149
      mid13_14.02.18	 34895   35011  FULL   3106   0.016  178629.3  19700.1  0.1103  0.31149
     down15_16.02.18	 35012   35204  FULL   3104   0.017  268683.7  31110.1  0.1158  0.31149
       up18_19.02.18	 35205   35308  FULL   3094   0.016  164676.5  16909.6  0.1027  0.31149
     down14_23.02.18	 35449   35643  FULL   3093   0.016  269427.2  31398.8  0.1165  0.31149
       up17_26.02.18	 35644   35755  FULL   3096   0.016  168721.2  17551.6  0.1040  0.31149
      mid16_28.02.18	 35756   35877  FULL   3095   0.016  173780.3  19521.5  0.1123  0.31149
     down17_02.03.18	 35878   36102  FULL   3089   0.017  263499.8  31516.3  0.1196  0.31149
       up19_05.03.18	 36103   36231  FULL   3087   0.016  174780.8  17961.7  0.1028  0.31149
      mid20_07.03.18	 36232   36402  FULL   3096   0.016  222131.5  25086.1  0.1129  0.31149
     down18_04.05.18	 38048   38265  FULL   3101   0.015  259719.1  36001.8  0.1386  0.31849
       up19_07.05.18	 38266   38397  FULL   3099   0.015  166929.5  21609.2  0.1295  0.31849
      mid19_09.05.18	 38399   38535  FULL   3103   0.015  167262.5  22640.9  0.1354  0.31858
     down18_11.05.18	 38536   38807  FULL   3107   0.015  329566.0  45513.2  0.1381  0.31862
       up14_15.05.18	 38808   38941  FULL   3097   0.015  173737.8  21667.9  0.1247  0.31866
      mid14_17.05.18	 38942   39067  FULL   3087   0.015  153386.3  20416.0  0.1331  0.31850
     down10_19.05.18	 39068   39253  FULL   3080   0.015  224828.5  30429.1  0.1353  0.31849
     down00_22.05.18	 39254   39272  SOME   2766   0.015   22640.0   2954.7  0.1305  0.31849
     down07_22.05.18	 39273   39299  FULL   3075   0.015   30442.8   4140.6  0.1360  0.31849
       up16_22.05.18	 39300   39434  FULL   3069   0.015  175594.3  21578.0  0.1229  0.31849
      mid17_24.05.18	 39436   39505  FULL   3082   0.015   84837.8  11288.9  0.1331  0.31855
     down17_25.05.18	 39506   39719  FULL   3111   0.015  258653.9  35151.6  0.1359  0.31851
       up18_28.05.18	 39721   39848  FULL   3111   0.015  166316.2  20567.5  0.1237  0.31881
      mid17_30.05.18	 39849   39982  FULL   3107   0.015  162852.4  21732.8  0.1335  0.31913
     down15_01.06.18	 39983   40211  FULL   3115   0.015  278407.2  37751.5  0.1356  0.31879
       up20_04.06.18	 40212   40324  FULL   3112   0.015  146047.4  18081.3  0.1238  0.31878
      mid16_06.06.18	 40326   40479  FULL   3122   0.015  185203.0  25048.4  0.1352  0.31869
     down20_08.06.18	 40480   40686  FULL   3119   0.015  250692.7  34399.8  0.1372  0.31931
       up18_11.06.18	 40687   40813  FULL   3093   0.015  165647.8  20587.6  0.1243  0.31904
      mid16_13.06.18	 40814   40959  FULL   3095   0.015  175759.9  23631.5  0.1345  0.31856
     down17_15.06.18	 40960   41127  FULL   3096   0.015  203973.4  27471.5  0.1347  0.31863
     down05_25.06.18	 41385   41405  FULL   3114   0.016   25671.6   3567.5  0.1390  0.31849
       up14_25.06.18	 41411   41556  FULL   3117   0.015  169658.9  21779.8  0.1284  0.31852
      mid17_27.06.18	 41560   41699  FULL   3112   0.015  167791.5  23306.5  0.1389  0.31853
     down18_29.06.18	 41704   42033  FULL   3069   0.015  421992.9  57971.4  0.1374  0.31849
       up16_04.07.18	 42034   42164  FULL   3096   0.015  170549.6  22176.0  0.1300  0.31850
     down16_06.07.18	 42165   42335  FULL   3066   0.015  218577.9  29717.3  0.1360  0.31849
     down05_09.07.18	 42336   42505  FULL   3115   0.015  215962.7  29413.3  0.1362  0.31849
       up18_11.07.18	 42506   42636  FULL   3123   0.015  171385.8  22302.1  0.1301  0.31849
     down17_13.07.18	 42637   42833  FULL   3123   0.015  247253.2  33763.7  0.1366  0.31850
       up15_16.07.18	 42835   42963  FULL   3118   0.015  167407.0  21709.3  0.1297  0.31849
      mid13_18.07.18	 42964   43106  FULL   3113   0.015  179248.4  24127.0  0.1346  0.31900
     down15_20.07.18	 43107   43383  FULL   3100   0.015  344725.5  46730.3  0.1356  0.31852
       up16_24.07.18	 43384   43517  FULL   3107   0.015  172907.8  22269.7  0.1288  0.31874
      mid16_26.07.18	 43518   43639  FULL   3102   0.015  151324.6  20318.4  0.1343  0.31876
     down10_28.07.18	 43640   43819  FULL   3073   0.015  225150.2  30231.7  0.1343  0.31871
     down01_31.07.18	 43820   43834  SOME   2779   0.015   17900.9   2355.5  0.1316  0.31893
     down07_31.07.18	 43835   43851  FULL   3086   0.015   19991.1   2717.0  0.1359  0.31878
       up13_31.07.18	 43853   43996  FULL   3107   0.015  184930.7  23925.9  0.1294  0.31876
      mid16_02.08.18	 43997   44126  FULL   3108   0.015  158534.5  21687.4  0.1368  0.31876
     down13_04.08.18	 44127   44277  FULL   3105   0.015  186592.0  25423.5  0.1363  0.31876
       up17_06.08.18	 44279   44408  FULL   3103   0.015  169831.9  21314.7  0.1255  0.31876
      mid17_08.08.18	 44411   44535  FULL   3115   0.015  155768.3  20891.5  0.1341  0.31876
     down12_10.08.18	 44536   44755  FULL   3117   0.015  273280.9  37090.7  0.1357  0.31876
       up17_13.08.18	 44756   44884  FULL   3118   0.015  169466.3  21206.6  0.1251  0.31876
      mid16_15.08.18	 44885   45020  FULL   3117   0.015  171344.0  22850.1  0.1334  0.31876
     down16_17.08.18	 45021   45242  FULL   3120   0.015  276811.2  37620.5  0.1359  0.31875
       up22_20.08.18	 45243   45364  FULL   3121   0.015  162074.2  20152.1  0.1243  0.31876
      mid19_22.08.18	 45365   45498  FULL   3127   0.015  170915.9  22721.2  0.1329  0.31710
       up16_28.08.18	 45700   45762  FULL   3126   0.018   86131.4  10994.2  0.1276  0.31459
      mid17_29.08.18	 45763   45829  FULL   3126   0.015   87091.1  11811.2  0.1356  0.31459
     down17_30.08.18	 45831   46108  FULL   3131   0.015  356372.1  48733.1  0.1367  0.31459
       up21_03.09.18	 46109   46228  FULL   3130   0.015  164957.4  20325.6  0.1232  0.31459
      mid19_05.09.18	 46229   46350  FULL   3134   0.015  156191.3  20856.9  0.1335  0.31459
     down15_07.09.18	 46351   46555  FULL   3118   0.015  260033.6  35256.2  0.1356  0.31459
       up16_10.09.18	 46556   46694  FULL   3123   0.015  180209.6  23509.9  0.1305  0.31459
      mid18_12.09.18	 46695   46774  FULL   3123   0.015   99020.8  13537.7  0.1367  0.31459
      mid22_13.09.18	 46775   46821  SOME   2038   0.015   63268.2   7671.6  0.1213  0.31459
     down16_14.09.18	 46822   46952  SOME   2233   0.015  172430.3  21863.4  0.1268  0.31459
     down16_16.09.18	 46953   47025  FULL   3049   0.015   88756.4  12456.9  0.1403  0.31459
       up17_17.09.18	 47026   47154  FULL   3114   0.015  169781.5  21970.8  0.1294  0.31459
      mid16_19.09.18	 47155   47212  FULL   3118   0.015   71979.7   9870.4  0.1371  0.31459
      mid13_20.09.18	 47215   47291  FULL   3125   0.015   95445.4  13173.6  0.1380  0.31459
     down16_21.09.18	 47292   47500  FULL   3124   0.015  257854.9  36193.0  0.1404  0.31292
       up17_24.09.18	 47501   47623  FULL   3099   0.015  167253.8  20860.8  0.1247  0.31026
      mid18_26.09.18	 47628   47756  FULL   3096   0.015  169350.7  22716.6  0.1341  0.31459
     down17_28.09.18	 47757   47957  FULL   3097   0.015  254015.3  34902.5  0.1374  0.31459
       up16_01.10.18	 47959   48080  FULL   3119   0.015  162442.8  20568.4  0.1266  0.31459
      mid14_03.10.18	 48081   48223  FULL   3127   0.015  181417.6  24813.2  0.1368  0.31459
     down17_05.10.18	 48224   48437  FULL   3127   0.015  262918.1  37961.8  0.1444  0.31459
       up18_08.10.18	 48438   48559  FULL   3080   0.015  162933.3  21134.1  0.1297  0.31459
      mid16_10.10.18	 48560   48699  FULL   3101   0.015  177264.7  24104.8  0.1360  0.31459
     down18_12.10.18	 48700   48898  FULL   3117   0.015  250548.8  34741.4  0.1387  0.31459
       up16_15.10.18	 48899   49016  FULL   3128   0.015  159909.3  20274.6  0.1268  0.31351
      mid12_17.10.18	 49017   49080  FULL   3135   0.015   78612.1  11167.2  0.1421  0.31459
     down11_18.10.18	 49081   49387  FULL   3127   0.015  372521.1  54653.4  0.1467  0.31459
       up18_22.10.18	 49388   49516  FULL   3118   0.015  169158.5  22627.9  0.1338  0.31459
      mid18_24.10.18	 49517   49645  FULL   3113   0.015  158706.0  22859.9  0.1440  0.31459
     down14_26.10.18	 49646   49862  FULL   3125   0.016  266688.0  38764.5  0.1454  0.31377
       up16_29.10.18	 49863   49993  FULL   3115   0.015  173900.9  23139.5  0.1331  0.31371
      mid17_31.10.18	 49994   50130  FULL   3109   0.015  169639.8  24455.9  0.1442  0.31371
     down16_02.11.18	 50131   50397  FULL   3124   0.016  335518.2  48690.6  0.1451  0.31371
     down20_14.11.18	 50525   50575  FULL   3108   0.015   63079.6   8786.8  0.1393  0.31864
     down12_16.11.18	 50649   50749  FULL   3105   0.015  123984.5  17566.7  0.1417  0.31864
     down03_18.11.18	 50761   50873  FULL   3063   0.015  139018.9  19430.8  0.1398  0.31864
     down17_23.11.18	 51167   51384  FULL   3114   0.015  260729.2  36369.9  0.1395  0.31864
       up18_26.11.18	 51386   51517  FULL   3110   0.015  165497.6  21667.1  0.1309  0.31864
      mid16_28.11.18	 51518   51664  FULL   3108   0.015  176358.7  25198.3  0.1429  0.31864
     down17_30.11.18	 51665   51872  FULL   3103   0.015  256053.4  35992.5  0.1406  0.31864
       up17_03.12.18	 51873   51999  FULL   3102   0.015  162957.8  21542.8  0.1322  0.31864
     down17_07.12.18	 52148   52352  FULL   3112   0.015  255954.2  35584.9  0.1390  0.31864
       up16_10.12.18	 52353   52487  FULL   3109   0.015  149712.5  19679.9  0.1315  0.31864
      mid17_12.12.18	 52488   52605  FULL   3118   0.015  143091.8  20344.7  0.1422  0.31864
     down18_14.12.18	 52623   52829  FULL   3107   0.015  252956.2  37728.7  0.1492  0.31864
       up17_17.12.18	 52830   52952  FULL   3108   0.015  160724.9  21729.9  0.1352  0.31864
      mid14_19.12.18	 52954   53094  FULL   3110   0.015  169541.0  24581.7  0.1450  0.31864
     down14_21.12.18	 53095   53314  FULL   3111   0.015  266124.3  39134.1  0.1471  0.31864
       up16_24.12.18	 53315   53452  FULL   3113   0.015  178233.4  23932.7  0.1343  0.31864
     down18_26.12.18	 53454   53739  FULL   3119   0.015  342735.2  50604.5  0.1476  0.31837
     down17_30.12.18	 53740   54025  FULL   3124   0.015  342972.4  50690.3  0.1478  0.31862
     down16_03.01.19	 54026   54311  FULL   3099   0.015  342917.2  50683.8  0.1478  0.31864
     down16_07.01.19	 54312   54595  FULL   3078   0.016  338985.5  50144.7  0.1479  0.31863
     down14_11.01.19	 54596   54629  SOME   1716   0.017   43233.2   5602.2  0.1296  0.31864
     down03_12.01.19	 54630   54702  ZERO      0   0.017  116673.6  11129.5  0.0954  0.31862
     down03_15.01.19	 54782   54893  ZERO      0   0.017  183262.1  17414.0  0.0950  0.31862
       up16_21.01.19	 55105   55228  ZERO      0   0.015  208591.4  18837.5  0.0903  0.31501
       up07_29.01.19	 55274   55433  ZERO      0   0.015  278605.3  25512.0  0.0916  0.31863
       up13_01.02.19	 55434   55595  ZERO      0   0.015  274141.6  25140.7  0.0917  0.31864
      mid18_04.02.19	 55599   55756  ZERO      0   0.015  277251.1  24651.3  0.0889  0.31864
      mid23_07.02.19	 55757   55914  ZERO      0   0.015  274745.5  24462.5  0.0890  0.31864
     down07_12.02.19	 55970   56043  ZERO      0   0.016  126115.7  11766.6  0.0933  0.31864
       up18_13.02.19	 56045   56138  ZERO      0   0.015  165033.5  14624.1  0.0886  0.31864
      mid17_15.02.19	 56139   56278  ZERO      0   0.015  244624.5  21658.9  0.0885  0.31857
       up14_18.02.19	 56280   56290  ZERO      1   0.015   17743.5   1540.5  0.0868  0.31808
       up20_18.02.19	 56291   56380  SOME    248   0.015  154002.2  13835.2  0.0898  0.31792
      mid15_20.02.19	 56381   56482  SOME    561   0.015  169060.5  15772.0  0.0933  0.31864
     down15_22.02.19	 56483   56625  SOME   1712   0.016  212554.6  23581.5  0.1109  0.31864
     down02_25.02.19	 56626   56665  FULL   3017   0.016   51352.7   6751.1  0.1315  0.31801
       up17_25.02.19	 56666   56777  FULL   3106   0.015  152601.4  18982.1  0.1244  0.31845
      mid12_27.02.19	 56778   56906  FULL   3095   0.015  171663.0  22202.2  0.1293  0.31798
     down12_01.03.19	 56908   57123  FULL   3115   0.016  279074.6  37081.4  0.1329  0.31837
       up18_04.03.19	 57125   57246  FULL   3097   0.015  162629.9  20550.1  0.1264  0.31864
      mid16_06.03.19	 57247   57385  FULL   3106   0.015  180830.5  24129.7  0.1334  0.31864
     down18_08.03.19	 57387   57705  FULL   3087   0.016  397487.4  55055.3  0.1385  0.31864
     down09_13.03.19	 57706   58024  FULL   3083   0.016  397433.0  54926.1  0.1382  0.31855
     down23_17.03.19	 58025   58343  FULL   3089   0.015  398199.4  54991.4  0.1381  0.31848
     down14_22.03.19	 58344   58661  FULL   3101   0.016  397128.5  54979.3  0.1384  0.31862
     down04_27.03.19	 58662   58978  FULL   3101   0.016  397219.8  54888.2  0.1382  0.31852
     down19_31.03.19	 58979   59342  FULL   3107   0.016  397274.9  54674.1  0.1376  0.31813
     down05_06.04.19	 59343   59657  FULL   3114   0.016  397783.7  54770.3  0.1377  0.31680
     down20_10.04.19	 59658   59970  FULL   3114   0.016  398278.4  54508.7  0.1369  0.31596
     down10_15.04.19	 59971   60283  FULL   3116   0.016  398169.2  54443.4  0.1367  0.31704
     down01_20.04.19	 60284   60592  FULL   3112   0.016  389839.6  53461.2  0.1371  0.31704
       up15_24.04.19	 60593   60808  FULL   3119   0.015  297694.3  36158.3  0.1215  0.31631
       up03_28.04.19	 60809   61022  FULL   3121   0.016  294744.3  35881.1  0.1217  0.31631
     down13_01.05.19	 61023   61162  FULL   3111   0.016  173234.9  24100.2  0.1391  0.31631
       up12_09.05.19	 61163   61350  FULL   3095   0.015  261878.3  31097.5  0.1187  0.31631
       up13_12.05.19	 61351   61540  FULL   3110   0.015  258578.0  30772.1  0.1190  0.31631
     down15_15.05.19	 61541   61828  FULL   3113   0.015  301264.1  41153.9  0.1366  0.31785
     down06_19.05.19	 61829   62071  FULL   3107   0.015  299294.0  40857.6  0.1365  0.31834
       up17_22.05.19	 62072   62296  FULL   3105   0.015  304214.9  37338.4  0.1227  0.31530
       up06_26.05.19	 62297   62519  FULL   3109   0.015  299774.5  36667.6  0.1223  0.31501
     down18_29.05.19	 62520   62753  FULL   3111   0.015  296902.4  39289.6  0.1323  0.31501
     down04_02.06.19	 62754   62985  FULL   3108   0.015  294671.6  39065.1  0.1326  0.31501
       up15_05.06.19	 62986   63211  FULL   3110   0.015  307380.0  37527.8  0.1221  0.31501
       up04_09.06.19	 63212   63438  FULL   3106   0.015  303711.2  37031.3  0.1219  0.31501
     down17_12.06.19	 63439   63675  FULL   3110   0.015  299402.3  39479.2  0.1319  0.31501
     down04_16.06.19	 63676   63912  FULL   3113   0.015  295901.8  39494.8  0.1335  0.31501
       up15_19.06.19	 63913   64087  FULL   3114   0.015  235867.5  28736.0  0.1218  0.31501
       up08_22.06.19	 64088   64261  FULL   3117   0.015  231845.1  28129.2  0.1213  0.31501
     down18_04.07.19	 64325   64600  FULL   3108   0.016  354339.4  47504.0  0.1341  0.31439
       up15_11.07.19	 64605   64683  FULL   3108   0.015  105506.4  12958.7  0.1228  0.31439
       up15_15.07.19	 64684   64819  FULL   3106   0.015  182321.5  22224.1  0.1219  0.31439
     down18_17.07.19	 64820   64848  FULL   3111   0.016   35701.1   4698.3  0.1316  0.31439
     down04_18.07.19	 64849   64902  SOME   1017   0.016   79713.8   8120.1  0.1019  0.31439
     down03_19.07.19	 64903   65136  FULL   3100   0.016  299619.4  39291.0  0.1311  0.31439
     down14_22.07.19	 65137   65370  FULL   3112   0.016  294593.6  38901.1  0.1321  0.31439
     down15_29.07.19	 65621   65757  FULL   3119   0.016  171117.3  22627.5  0.1322  0.31439
       up15_31.07.19	 65758   65917  FULL   3115   0.015  216669.7  26133.7  0.1206  0.31439
       up03_03.08.19	 65918   66078  FULL   3116   0.015  212802.5  25991.5  0.1221  0.31439
     down19_05.08.19	 66091   66397  FULL   3124   0.016  386482.6  51406.1  0.1330  0.31439
     down06_10.08.19	 66398   66702  FULL   3121   0.016  384190.0  50991.9  0.1327  0.31439
       up17_14.08.19	 66703   66954  FULL   3119   0.015  341394.4  41074.5  0.1203  0.31439
     down16_21.08.19	 67160   67394  FULL   3124   0.016  295450.3  38875.3  0.1316  0.31439
     down02_25.08.19	 67395   67626  FULL   3120   0.016  291637.5  38500.1  0.1320  0.31439
       up12_28.08.19	 67627   67925  FULL   3115   0.015  404686.5  48526.5  0.1199  0.31438
       up05_02.09.19	 67926   68041  SOME   2061   0.015  166047.4  18011.2  0.1085  0.31438
       up03_04.09.19	 68042   68080  FULL   2987   0.015   51165.9   6060.0  0.1184  0.31439
     down18_04.09.19	 68081   68320  FULL   3114   0.016  299491.9  39265.5  0.1311  0.31439
     down05_08.09.19	 68321   68556  FULL   3117   0.016  297760.4  39025.8  0.1311  0.31439
       up16_11.09.19	 68557   68775  FULL   3115   0.015  299439.9  35628.9  0.1190  0.31439
       up04_15.09.19	 68776   68993  FULL   3119   0.015  294926.0  35161.0  0.1192  0.31439
     down16_18.09.19	 68994   69271  FULL   3109   0.016  338941.7  44969.4  0.1327  0.31439
     down14_22.09.19	 69272   69540  FULL   3115   0.016  334895.2  44427.3  0.1327  0.31439
       up12_26.09.19	 69541   69739  FULL   3106   0.015  268151.9  32679.0  0.1219  0.31439
     down15_04.10.19	 69765   70101  FULL   3108   0.016  417303.0  56264.0  0.1348  0.31082
       up11_09.10.19	 70102   70329  FULL   3098   0.015  308434.1  37393.7  0.1212  0.31084
       up01_13.10.19	 70330   70565  FULL   3104   0.015  306907.2  37050.3  0.1207  0.31078
     down14_16.10.19	 70566   70768  FULL   3114   0.016  256241.1  33731.8  0.1316  0.31063
     down12_22.10.19	 70769   70918  FULL   3119   0.016  164620.6  21978.8  0.1335  0.31097
       up18_24.10.19	 70930   71210  FULL   3116   0.015  377736.4  46171.4  0.1222  0.31530
