 2.08
 2.12
 2.13
 2.18
 2.28
 2.46
 2.51
 2.56
 2.60
 5.04
 5.10
 5.32
 5.33
 5.34
 5.35
 5.36
 5.37
 5.38
 5.39
 5.40
 5.41
 5.42
 5.43
 5.44
 5.45
 5.46
 6.04
 6.18
 6.32
 6.59
 7.07
 7.08
 7.10
 7.14
 7.29
 7.30
 8.00
 8.01
 8.03
 8.04
 8.06
 8.07
 8.09
 8.10
 8.12
 8.13
 8.16
 8.17
 8.18
 8.19
 8.20
 8.21
 8.22
 8.23
 8.24
 8.25
 8.26
 8.27
 8.28
 8.29
 8.30
 8.32
 8.33
 8.34
 8.35
 8.36
 8.37
 8.38
 8.39
 8.40
 8.41
 8.42
 8.43
 8.44
 8.45
 8.46
 8.48
 8.49
 8.50
 8.51
 8.52
 8.53
 8.54
 8.55
 8.56
 8.57
 8.58
 8.59
 8.60
 8.61
 8.62
 9.11
 9.32
 9.33
 9.34
 9.35
 9.36
 9.37
 9.38
 9.39
 9.40
 9.41
 9.42
 9.43
 9.44
 9.45
 9.46
10.51
11.39
12.30
12.34
12.44
13.01
13.02
13.03
13.08
13.09
13.10
13.13
13.16
13.17
13.18
13.19
13.20
13.21
13.22
13.23
13.24
13.25
13.26
13.27
13.28
13.29
13.30
13.32
13.33
13.34
13.35
13.36
13.37
13.38
13.39
13.40
13.41
13.42
13.43
13.44
13.45
13.46
13.51
13.54
13.56
13.59
15.01
15.54
16.00
16.01
16.02
16.03
16.04
16.05
16.06
16.07
16.08
16.09
16.10
16.11
16.12
16.13
16.14
16.32
16.48
16.49
16.50
16.51
16.52
16.53
16.54
16.55
16.56
16.57
16.58
16.59
16.60
16.61
16.62
17.17
17.18
17.19
17.20
17.21
17.25
17.28
17.34
17.49
18.00
18.48
18.49
18.50
18.51
18.52
18.53
18.54
18.55
18.56
18.57
18.58
18.59
18.60
18.61
18.62
19.00
19.01
19.02
19.03
19.04
19.12
19.32
20.04
20.55
20.58
20.60
21.32
21.33
21.34
21.35
21.36
21.37
21.38
21.39
21.40
21.41
21.42
21.43
21.44
21.45
21.46
21.53
21.55
22.53
23.01
23.48
24.00
24.01
24.02
24.03
24.04
24.05
24.06
24.07
24.08
24.09
24.10
24.11
24.12
24.13
24.14
24.16
24.17
24.18
24.19
24.20
24.21
24.22
24.23
24.24
24.25
24.26
24.27
24.28
24.29
24.30
24.35
24.38
25.00
25.01
25.03
25.04
25.06
25.07
25.09
25.10
25.12
25.13
26.33
26.49
27.52
31.13
31.16
31.51
32.07
33.10
33.57
34.54
35.10
35.12
35.16
36.11
36.18
36.22
36.26
36.28
36.46
37.41
37.56
37.62
38.00
38.01
38.02
38.03
38.04
38.05
38.06
38.07
38.08
38.09
38.10
38.11
38.12
38.13
38.14
38.16
38.17
38.19
38.20
38.22
38.23
38.25
38.26
38.28
38.29
38.32
38.33
38.34
38.35
38.36
38.37
38.38
38.39
38.40
38.41
38.42
38.43
38.44
38.45
38.46
38.48
38.49
38.50
38.51
38.52
38.53
38.54
38.55
38.56
38.57
38.58
38.59
38.60
38.61
38.62
39.48
39.49
39.50
39.51
39.52
39.53
39.54
39.55
39.56
39.57
40.00
40.01
40.02
40.03
40.04
40.05
40.06
40.07
40.08
40.09
40.10
40.11
40.12
40.13
40.14
40.16
40.17
40.18
40.19
40.20
40.21
40.22
40.23
40.24
40.25
40.26
40.27
40.28
40.29
40.30
40.32
40.33
40.34
40.35
40.36
40.37
40.38
40.39
40.40
40.41
40.42
40.43
40.44
40.45
40.46
40.48
40.49
40.50
40.51
40.52
40.53
40.54
40.55
40.56
40.57
40.58
40.59
40.60
40.61
40.62
41.00
41.01
41.02
41.03
41.04
41.05
41.06
41.07
41.08
41.09
41.10
41.11
41.12
41.13
41.14
41.16
41.17
41.18
41.19
41.20
41.21
41.22
41.23
41.24
41.25
41.26
41.27
41.28
41.29
41.30
41.32
41.33
41.34
41.35
41.36
41.37
41.38
41.39
41.40
41.41
41.42
41.43
41.44
41.45
41.46
41.48
41.49
41.50
41.51
41.52
41.53
41.54
41.55
41.56
41.57
41.58
41.59
41.60
41.61
41.62
42.00
42.01
42.02
42.03
42.04
42.05
42.06
42.07
42.08
42.09
42.10
42.11
42.12
42.13
42.14
42.16
42.17
42.18
42.19
42.20
42.21
42.22
42.23
42.24
42.25
42.26
42.27
42.28
42.29
42.30
42.32
42.33
42.34
42.35
42.36
42.37
42.38
42.39
42.40
42.41
42.42
42.43
42.44
42.45
42.46
42.48
42.49
42.50
42.51
42.52
42.53
42.54
42.55
42.56
42.57
42.58
42.59
42.60
42.61
42.62
43.00
43.01
43.02
43.03
43.04
43.05
43.06
43.07
43.08
43.09
43.10
43.11
43.12
43.13
43.14
43.16
43.17
43.18
43.19
43.20
43.21
43.22
43.23
43.24
43.25
43.26
43.27
43.28
43.29
43.30
43.32
43.33
43.34
43.35
43.36
43.37
43.38
43.39
43.40
43.41
43.42
43.43
43.44
43.45
43.46
43.48
43.49
43.50
43.51
43.52
43.53
43.54
43.55
43.56
43.57
43.58
43.59
43.60
43.61
43.62
44.23
45.00
45.01
45.02
45.03
45.04
45.05
45.06
45.07
45.08
45.09
45.10
45.11
45.12
45.13
45.14
45.16
45.17
45.18
45.19
45.20
45.21
45.22
45.23
45.24
45.25
45.26
45.27
45.28
45.29
45.30
45.32
45.33
45.34
45.35
45.36
45.37
45.38
45.39
45.40
45.41
45.42
45.43
45.44
45.45
45.46
45.48
45.49
45.50
45.51
45.52
45.53
45.54
45.55
45.56
45.57
45.58
45.59
45.60
45.61
45.62
46.61
46.62
47.00
47.01
47.02
47.03
47.04
47.05
47.06
47.07
47.08
47.09
47.10
47.11
47.12
47.13
47.14
